4194304 666762976
4194308 2948530460
4194312 2948464920
4194316 60878880
4194320 537198610
4194324 1006899200
4194328 202375195
4194332 32
4194336 537198844
4194340 667025432
4194344 4202528
4194348 202375195
4194352 32
4194356 1006899200
4194360 202375251
4194364 32
4194368 667025432
4194372 4202528
4194376 202375251
4194380 32
4194384 4128
4194388 62973984
4194392 2411659548
4194396 2411594008
4194400 666698016
4194404 65011720
4194408 32
4194412 666763240
4194416 2948464660
4194420 60878880
4194424 2948857880
4194428 2948923420
4194432 2411855900
4194436 32
4194440 2948726792
4194444 2948595724
4194448 135266376
4194452 32
4194456 2411855880
4194460 32
4194464 809631745
4194468 272629770
4194472 32
4194476 2411855880
4194480 32
4194484 137536
4194488 2411855884
4194492 32
4194496 6426657
4194500 2948726792
4194504 135266363
4194508 32
4194512 2411855880
4194516 32
4194520 137408
4194524 2411855884
4194528 32
4194532 6426657
4194536 2948726792
4194540 2411855884
4194544 32
4194548 135296
4194552 2411921432
4194556 32
4194560 6426657
4194564 2411921416
4194568 32
4194572 2890072064
4194576 2411855884
4194580 32
4194584 608305153
4194588 2948726796
4194592 2411855884
4194596 32
4194600 675414080
4194604 339804122
4194608 32
4194612 32
4194616 62973984
4194620 2411593748
4194624 666697752
4194628 65011720
4194632 32
4194636 666763240
4194640 2948464660
4194644 60878880
4194648 2948857880
4194652 2948595720
4194656 135266411
4194660 32
4194664 2411855880
4194668 32
4194672 135296
4194676 2411921432
4194680 32
4194684 6426657
4194688 2353135616
4194692 32
4194696 2948726796
4194700 2411855884
4194704 32
4194708 608305153
4194712 2948726796
4194716 2411855880
4194720 32
4194724 608305153
4194728 2948726792
4194732 2411855880
4194736 32
4194740 675414080
4194744 339804139
4194748 32
4194752 32
4194756 62973984
4194760 2411593748
4194764 666697752
4194768 65011720
4194772 32
268435456 0
print
2147483644 0
2147483640 0
2147483356 2147483360
2147483360 268435456
2147483364 18
2147483364
2147483344 18
2147483348 0
2147483348
2147483344
2147483344
2147483348
2147483344 144
2147483348
2147483360
2147483344
268435456 144
2147483348
2147483348 1
2147483348
2147483344
2147483344
2147483348
2147483344 1153
2147483348
2147483360
2147483344
268435460 1153
2147483348
2147483348 2
2147483348
2147483344
2147483344
2147483348
2147483344 36898
2147483348
2147483360
2147483344
268435464 36898
2147483348
2147483348 3
2147483348
2147483344
2147483344
2147483348
2147483344 295187
2147483348
2147483360
2147483344
268435468 295187
2147483348
2147483348 4
2147483348
2147483344
2147483344
2147483348
2147483344 9445988
2147483348
2147483360
2147483344
268435472 9445988
2147483348
2147483348 5
2147483348
2147483344
2147483344
2147483348
2147483344 75567909
2147483348
2147483360
2147483344
268435476 75567909
2147483348
2147483348 6
2147483348
2147483344
2147483344
2147483348
2147483344 2418173094
2147483348
2147483360
2147483344
268435480 2418173094
2147483348
2147483348 7
2147483348
2147483344
2147483344
2147483348
2147483344 19345384759
2147483348
2147483360
2147483344
268435484 2165515575
2147483348
2147483348 8
2147483348
2147483344
2147483344
2147483348
2147483344 69296498408
2147483348
2147483360
2147483344
268435488 577021672
2147483348
2147483348 9
2147483348
2147483344
2147483344
2147483348
2147483344 4616173385
2147483348
2147483360
2147483344
268435492 321206089
2147483348
2147483348 10
2147483348
2147483344
2147483344
2147483348
2147483344 10278594858
2147483348
2147483360
2147483344
268435496 1688660266
2147483348
2147483348 11
2147483348
2147483344
2147483344
2147483348
2147483344 13509282139
2147483348
2147483360
2147483344
268435500 624380251
2147483348
2147483348 12
2147483348
2147483344
2147483344
2147483348
2147483344 19980168044
2147483348
2147483360
2147483344
268435504 2800298860
2147483348
2147483348 13
2147483348
2147483344
2147483344
2147483348
2147483344 22402390893
2147483348
2147483360
2147483344
268435508 927554413
2147483348
2147483348 14
2147483348
2147483344
2147483344
2147483348
2147483344 29681741230
2147483348
2147483360
2147483344
268435512 3911937454
2147483348
2147483348 15
2147483348
2147483344
2147483344
2147483348
2147483344 31295499647
2147483348
2147483360
2147483344
268435516 1230728575
2147483348
2147483348 16
2147483348
2147483344
2147483344
2147483348
2147483344 39383314416
2147483348
2147483360
2147483344
268435520 728608752
2147483348
2147483348 17
2147483348
2147483344
2147483344
2147483348
2147483344 5828870033
2147483348
2147483360
2147483344
268435524 1533902737
2147483348
2147483348 18
2147483348
2147483344
2147483344
2147483348
2147483344 49084887602
2147483348
2147483360
2147483344
268435528 1840247346
2147483348
2147483348 19
2147483348
2147483344
2147483344
2147483348
2147483344 14721978787
2147483348
2147483360
2147483344
268435532 1837076899
2147483348
2147483348 20
2147483348
2147483344
2147483344
2147483348
2147483344 58786460788
2147483348
2147483360
2147483344
268435536 2951885940
2147483348
2147483348 21
2147483348
2147483344
2147483344
2147483348
2147483344 23615087541
2147483348
2147483360
2147483344
268435540 2140251061
2147483348
2147483348 22
2147483348
2147483344
2147483344
2147483348
2147483344 68488033974
2147483348
2147483360
2147483344
268435544 4063524534
2147483348
2147483348 23
2147483348
2147483344
2147483344
2147483348
2147483344 32508196295
2147483348
2147483360
2147483344
268435548 2443425223
2147483348
2147483348 24
2147483348
2147483344
2147483344
2147483348
2147483344 78189607160
2147483348
2147483360
2147483344
268435552 880195832
2147483348
2147483348 25
2147483348
2147483344
2147483344
2147483348
2147483344 7041566681
2147483348
2147483360
2147483344
268435556 2746599385
2147483348
2147483348 26
2147483348
2147483344
2147483344
2147483348
2147483344 87891180346
2147483348
2147483360
2147483344
268435560 1991834426
2147483348
2147483348 27
2147483348
2147483344
2147483344
2147483348
2147483344 15934675435
2147483348
2147483360
2147483344
268435564 3049773547
2147483348
2147483348 28
2147483348
2147483344
2147483344
2147483348
2147483344 97592753532
2147483348
2147483360
2147483344
268435568 3103473020
2147483348
2147483348 29
2147483348
2147483344
2147483344
2147483348
2147483344 24827784189
2147483348
2147483360
2147483344
268435572 3352947709
2147483348
2147483348 30
2147483348
2147483344
2147483344
2147483348
2147483344 107294326718
2147483348
2147483360
2147483344
268435576 4215111614
2147483348
2147483348 31
2147483348
2147483344
2147483344
2147483348
2147483344 33720892943
2147483348
2147483360
2147483344
268435580 3656121871
2147483348
2147483348 32
2147483348
2147483344
2147483344
2147483348
2147483344 116995899904
2147483348
2147483360
2147483344
268435584 1031782912
2147483348
2147483348 33
2147483348
2147483344
2147483344
2147483348
2147483344 8254263329
2147483348
2147483360
2147483344
268435588 3959296033
2147483348
2147483348 34
print
2147483348
2147483344
2147483344
2147483348
2147483344 126697473090
2147483348
2147483360
2147483344
268435592 2143421506
2147483348
2147483348 35
2147483348
2147483344
2147483344
2147483348
2147483344 17147372083
2147483348
2147483360
2147483344
268435596 4262470195
2147483348
2147483348 36
2147483348
2147483344
2147483344
2147483348
2147483344 136399046276
2147483348
2147483360
2147483344
268435600 3255060100
2147483348
2147483348 37
2147483348
2147483344
2147483344
2147483348
2147483344 26040480837
2147483348
2147483360
2147483344
268435604 270677061
2147483348
2147483348 38
2147483348
2147483344
2147483344
2147483348
2147483344 8661665990
2147483348
2147483360
2147483344
268435608 71731398
2147483348
2147483348 39
2147483348
2147483344
2147483344
2147483348
2147483344 573851223
2147483348
2147483360
2147483344
268435612 573851223
2147483348
2147483348 40
2147483348
2147483344
2147483344
2147483348
2147483344 18363239176
2147483348
2147483360
2147483344
268435616 1183369992
2147483348
2147483348 41
2147483348
2147483344
2147483344
2147483348
2147483344 9466959977
2147483348
2147483360
2147483344
268435620 877025385
2147483348
2147483348 42
2147483348
2147483344
2147483344
2147483348
2147483344 28064812362
2147483348
2147483360
2147483344
268435624 2295008586
2147483348
2147483348 43
2147483348
2147483344
2147483344
2147483348
2147483344 18360068731
2147483348
2147483360
2147483344
268435628 1180199547
2147483348
2147483348 44
2147483348
2147483344
2147483344
2147483348
2147483344 37766385548
2147483348
2147483360
2147483344
268435632 3406647180
2147483348
2147483348 45
2147483348
2147483344
2147483344
2147483348
2147483344 27253177485
2147483348
2147483360
2147483344
268435636 1483373709
2147483348
2147483348 46
2147483348
2147483344
2147483344
2147483348
2147483344 47467958734
2147483348
2147483360
2147483344
268435640 223318478
2147483348
2147483348 47
2147483348
2147483344
2147483344
2147483348
2147483344 1786547871
2147483348
2147483360
2147483344
268435644 1786547871
2147483348
2147483348 48
2147483348
2147483344
2147483344
2147483348
2147483344 57169531920
2147483348
2147483360
2147483344
268435648 1334957072
2147483348
2147483348 49
2147483348
2147483344
2147483344
2147483348
2147483344 10679656625
2147483348
2147483360
2147483344
268435652 2089722033
2147483348
2147483348 50
2147483348
2147483344
2147483344
2147483348
2147483344 66871105106
2147483348
2147483360
2147483344
268435656 2446595666
2147483348
2147483348 51
2147483348
2147483344
2147483344
2147483348
2147483344 19572765379
2147483348
2147483360
2147483344
268435660 2392896195
2147483348
2147483348 52
2147483348
2147483344
2147483344
2147483348
2147483344 76572678292
2147483348
2147483360
2147483344
268435664 3558234260
2147483348
2147483348 53
2147483348
2147483344
2147483344
2147483348
2147483344 28465874133
2147483348
2147483360
2147483344
268435668 2696070357
2147483348
2147483348 54
2147483348
2147483344
2147483344
2147483348
2147483344 86274251478
2147483348
2147483360
2147483344
268435672 374905558
2147483348
2147483348 55
2147483348
2147483344
2147483344
2147483348
2147483344 2999244519
2147483348
2147483360
2147483344
268435676 2999244519
2147483348
2147483348 56
2147483348
2147483344
2147483344
2147483348
2147483344 95975824664
2147483348
2147483360
2147483344
268435680 1486544152
2147483348
2147483348 57
2147483348
2147483344
2147483344
2147483348
2147483344 11892353273
2147483348
2147483360
2147483344
268435684 3302418681
2147483348
2147483348 58
2147483348
2147483344
2147483344
2147483348
2147483344 105677397850
2147483348
2147483360
2147483344
268435688 2598182746
2147483348
2147483348 59
2147483348
2147483344
2147483344
2147483348
2147483344 20785462027
2147483348
2147483360
2147483344
268435692 3605592843
2147483348
2147483348 60
2147483348
2147483344
2147483344
2147483348
2147483344 115378971036
2147483348
2147483360
2147483344
268435696 3709821340
2147483348
2147483348 61
2147483348
2147483344
2147483344
2147483348
2147483344 29678570781
2147483348
2147483360
2147483344
268435700 3908767005
2147483348
2147483348 62
2147483348
2147483344
2147483344
2147483348
2147483344 125080544222
2147483348
2147483360
2147483344
268435704 526492638
2147483348
2147483348 63
2147483348
2147483344
2147483344
2147483348
2147483344 4211941167
2147483348
2147483360
2147483344
268435708 4211941167
2147483348
2147483348 64
2147483348
2147483356
2147483356 2147483360
2147483360 2147483384
2147483364 252
2147483364
2147483344 252
2147483348 0
2147483348
2147483344
2147483344
2147483348
2147483344 2016
2147483348
2147483360
2147483344
2147483384 2016
2147483348
2147483348 1
2147483348
2147483344
2147483344
2147483348
2147483344 16129
2147483348
2147483360
2147483344
2147483388 16129
2147483348
2147483348 2
2147483348
2147483344
2147483344
2147483348
2147483344 516130
2147483348
2147483360
2147483344
2147483392 516130
2147483348
2147483348 3
2147483348
2147483344
2147483344
2147483348
2147483344 4129043
2147483348
2147483360
print
2147483344
2147483396 4129043
2147483348
2147483348 4
2147483348
2147483344
2147483344
2147483348
2147483344 132129380
2147483348
2147483360
2147483344
2147483400 132129380
2147483348
2147483348 5
2147483348
2147483344
2147483344
2147483348
2147483344 1057035045
2147483348
2147483360
2147483344
2147483404 1057035045
2147483348
2147483348 6
2147483348
2147483344
2147483344
2147483348
2147483344 33825121446
2147483348
2147483360
2147483344
2147483408 3760350374
2147483348
2147483348 7
2147483348
2147483344
2147483344
2147483348
2147483344 30082802999
2147483348
2147483360
2147483344
2147483412 18031927
2147483348
2147483348 8
2147483348
2147483344
2147483344
2147483348
2147483344 577021672
2147483348
2147483360
2147483344
2147483416 577021672
2147483348
2147483348 9
2147483348
2147483344
2147483344
2147483348
2147483344 4616173385
2147483348
2147483360
2147483344
2147483420 321206089
2147483348
2147483348 10
2147483348
2147483344
2147483344
2147483348
2147483344 10278594858
2147483348
2147483360
2147483344
2147483424 1688660266
2147483348
2147483348 11
2147483348
2147483344
2147483344
2147483348
2147483344 13509282139
2147483348
2147483360
2147483344
2147483428 624380251
2147483348
2147483348 12
2147483348
2147483344
2147483344
2147483348
2147483344 19980168044
2147483348
2147483360
2147483344
2147483432 2800298860
2147483348
2147483348 13
2147483348
2147483344
2147483344
2147483348
2147483344 22402390893
2147483348
2147483360
2147483344
2147483436 927554413
2147483348
2147483348 14
2147483348
2147483344
2147483344
2147483348
2147483344 29681741230
2147483348
2147483360
2147483344
2147483440 3911937454
2147483348
2147483348 15
2147483348
2147483344
2147483344
2147483348
2147483344 31295499647
2147483348
2147483360
2147483344
2147483444 1230728575
2147483348
2147483348 16
2147483348
2147483344
2147483344
2147483348
2147483344 39383314416
2147483348
2147483360
2147483344
2147483448 728608752
2147483348
2147483348 17
2147483348
2147483344
2147483344
2147483348
2147483344 5828870033
2147483348
2147483360
2147483344
2147483452 1533902737
2147483348
2147483348 18
2147483348
2147483344
2147483344
2147483348
2147483344 49084887602
2147483348
2147483360
2147483344
2147483456 1840247346
2147483348
2147483348 19
2147483348
2147483344
2147483344
2147483348
2147483344 14721978787
2147483348
2147483360
2147483344
2147483460 1837076899
2147483348
2147483348 20
2147483348
2147483344
2147483344
2147483348
2147483344 58786460788
2147483348
2147483360
2147483344
2147483464 2951885940
2147483348
2147483348 21
2147483348
2147483344
2147483344
2147483348
2147483344 23615087541
2147483348
2147483360
2147483344
2147483468 2140251061
2147483348
2147483348 22
2147483348
2147483344
2147483344
2147483348
2147483344 68488033974
2147483348
2147483360
2147483344
2147483472 4063524534
2147483348
2147483348 23
2147483348
2147483344
2147483344
2147483348
2147483344 32508196295
2147483348
2147483360
2147483344
2147483476 2443425223
2147483348
2147483348 24
2147483348
2147483344
2147483344
2147483348
2147483344 78189607160
2147483348
2147483360
2147483344
2147483480 880195832
2147483348
2147483348 25
2147483348
2147483344
2147483344
2147483348
2147483344 7041566681
2147483348
2147483360
2147483344
2147483484 2746599385
2147483348
2147483348 26
2147483348
2147483344
2147483344
2147483348
2147483344 87891180346
2147483348
2147483360
2147483344
2147483488 1991834426
2147483348
2147483348 27
2147483348
2147483344
2147483344
2147483348
2147483344 15934675435
2147483348
2147483360
2147483344
2147483492 3049773547
2147483348
2147483348 28
2147483348
2147483344
2147483344
2147483348
2147483344 97592753532
2147483348
2147483360
2147483344
2147483496 3103473020
2147483348
2147483348 29
2147483348
2147483344
2147483344
2147483348
2147483344 24827784189
2147483348
2147483360
2147483344
2147483500 3352947709
2147483348
2147483348 30
2147483348
2147483344
2147483344
2147483348
2147483344 107294326718
2147483348
2147483360
2147483344
2147483504 4215111614
2147483348
2147483348 31
2147483348
2147483344
2147483344
2147483348
2147483344 33720892943
2147483348
2147483360
2147483344
2147483508 3656121871
2147483348
2147483348 32
2147483348
2147483344
2147483344
2147483348
2147483344 116995899904
2147483348
2147483360
2147483344
2147483512 1031782912
2147483348
2147483348 33
2147483348
2147483344
2147483344
2147483348
2147483344 8254263329
2147483348
2147483360
2147483344
2147483516 3959296033
2147483348
2147483348 34
2147483348
2147483344
2147483344
2147483348
2147483344 126697473090
2147483348
2147483360
2147483344
2147483520 2143421506
2147483348
2147483348 35
2147483348
2147483344
2147483344
2147483348
2147483344 17147372083
2147483348
2147483360
2147483344
2147483524 4262470195
2147483348
2147483348 36
2147483348
2147483344
2147483344
2147483348
2147483344 136399046276
2147483348
2147483360
2147483344
2147483528 3255060100
2147483348
2147483348 37
2147483348
2147483344
2147483344
2147483348
2147483344 26040480837
2147483348
2147483360
2147483344
2147483532 270677061
2147483348
2147483348 38
2147483348
2147483344
print
2147483344
2147483348
2147483344 8661665990
2147483348
2147483360
2147483344
2147483536 71731398
2147483348
2147483348 39
2147483348
2147483344
2147483344
2147483348
2147483344 573851223
2147483348
2147483360
2147483344
2147483540 573851223
2147483348
2147483348 40
2147483348
2147483344
2147483344
2147483348
2147483344 18363239176
2147483348
2147483360
2147483344
2147483544 1183369992
2147483348
2147483348 41
2147483348
2147483344
2147483344
2147483348
2147483344 9466959977
2147483348
2147483360
2147483344
2147483548 877025385
2147483348
2147483348 42
2147483348
2147483344
2147483344
2147483348
2147483344 28064812362
2147483348
2147483360
2147483344
2147483552 2295008586
2147483348
2147483348 43
2147483348
2147483344
2147483344
2147483348
2147483344 18360068731
2147483348
2147483360
2147483344
2147483556 1180199547
2147483348
2147483348 44
2147483348
2147483344
2147483344
2147483348
2147483344 37766385548
2147483348
2147483360
2147483344
2147483560 3406647180
2147483348
2147483348 45
2147483348
2147483344
2147483344
2147483348
2147483344 27253177485
2147483348
2147483360
2147483344
2147483564 1483373709
2147483348
2147483348 46
2147483348
2147483344
2147483344
2147483348
2147483344 47467958734
2147483348
2147483360
2147483344
2147483568 223318478
2147483348
2147483348 47
2147483348
2147483344
2147483344
2147483348
2147483344 1786547871
2147483348
2147483360
2147483344
2147483572 1786547871
2147483348
2147483348 48
2147483348
2147483344
2147483344
2147483348
2147483344 57169531920
2147483348
2147483360
2147483344
2147483576 1334957072
2147483348
2147483348 49
2147483348
2147483344
2147483344
2147483348
2147483344 10679656625
2147483348
2147483360
2147483344
2147483580 2089722033
2147483348
2147483348 50
2147483348
2147483344
2147483344
2147483348
2147483344 66871105106
2147483348
2147483360
2147483344
2147483584 2446595666
2147483348
2147483348 51
2147483348
2147483344
2147483344
2147483348
2147483344 19572765379
2147483348
2147483360
2147483344
2147483588 2392896195
2147483348
2147483348 52
2147483348
2147483344
2147483344
2147483348
2147483344 76572678292
2147483348
2147483360
2147483344
2147483592 3558234260
2147483348
2147483348 53
2147483348
2147483344
2147483344
2147483348
2147483344 28465874133
2147483348
2147483360
2147483344
2147483596 2696070357
2147483348
2147483348 54
2147483348
2147483344
2147483344
2147483348
2147483344 86274251478
2147483348
2147483360
2147483344
2147483600 374905558
2147483348
2147483348 55
2147483348
2147483344
2147483344
2147483348
2147483344 2999244519
2147483348
2147483360
2147483344
2147483604 2999244519
2147483348
2147483348 56
2147483348
2147483344
2147483344
2147483348
2147483344 95975824664
2147483348
2147483360
2147483344
2147483608 1486544152
2147483348
2147483348 57
2147483348
2147483344
2147483344
2147483348
2147483344 11892353273
2147483348
2147483360
2147483344
2147483612 3302418681
2147483348
2147483348 58
2147483348
2147483344
2147483344
2147483348
2147483344 105677397850
2147483348
2147483360
2147483344
2147483616 2598182746
2147483348
2147483348 59
2147483348
2147483344
2147483344
2147483348
2147483344 20785462027
2147483348
2147483360
2147483344
2147483620 3605592843
2147483348
2147483348 60
2147483348
2147483344
2147483344
2147483348
2147483344 115378971036
2147483348
2147483360
2147483344
2147483624 3709821340
2147483348
2147483348 61
2147483348
2147483344
2147483344
2147483348
2147483344 29678570781
2147483348
2147483360
2147483344
2147483628 3908767005
2147483348
2147483348 62
2147483348
2147483344
2147483344
2147483348
2147483344 125080544222
2147483348
2147483360
2147483344
2147483632 526492638
2147483348
2147483348 63
2147483348
2147483344
2147483344
2147483348
2147483344 4211941167
2147483348
2147483360
2147483344
2147483636 4211941167
2147483348
2147483348 64
2147483348
2147483356
2147483356 2147483360
2147483360 268435456
2147483344 0
2147483344
2147483344
2147483360
268435456
2147483348 144
2147483348
2147483348 145
2147483344
2147483344 1
2147483344
2147483344
2147483360
268435460
2147483348 1153
2147483348
2147483348 1154
2147483344
2147483344 2
2147483344
2147483344
2147483360
268435464
2147483348 36898
2147483348
2147483348 36899
2147483344
2147483344 3
2147483344
2147483344
2147483360
268435468
2147483348 295187
2147483348
2147483348 295188
2147483344
2147483344 4
2147483344
2147483344
2147483360
268435472
2147483348 9445988
2147483348
2147483348 9445989
2147483344
2147483344 5
2147483344
2147483344
2147483360
268435476
2147483348 75567909
2147483348
2147483348 75567910
2147483344
2147483344 6
2147483344
2147483344
2147483360
268435480
2147483348 2418173094
2147483348
2147483348 2418173095
2147483344
2147483344 7
2147483344
2147483344
2147483360
268435484
2147483348 2165515575
2147483348
2147483348 2165515576
2147483344
2147483344 8
2147483344
2147483344
2147483360
268435488
2147483348 577021672
2147483348
2147483348 577021673
2147483344
2147483344 9
2147483344
2147483344
2147483360
268435492
2147483348 321206089
2147483348
2147483348 321206090
2147483344
2147483344 10
2147483344
2147483344
2147483360
268435496
2147483348 1688660266
2147483348
2147483348 1688660267
2147483344
2147483344 11
2147483344
print
2147483344
2147483360
268435500
2147483348 624380251
2147483348
2147483348 624380252
2147483344
2147483344 12
2147483344
2147483344
2147483360
268435504
2147483348 2800298860
2147483348
2147483348 2800298861
2147483344
2147483344 13
2147483344
2147483344
2147483360
268435508
2147483348 927554413
2147483348
2147483348 927554414
2147483344
2147483344 14
2147483344
2147483344
2147483360
268435512
2147483348 3911937454
2147483348
2147483348 3911937455
2147483344
2147483344 15
2147483344
2147483344
2147483360
268435516
2147483348 1230728575
2147483348
2147483348 1230728576
2147483344
2147483344 16
2147483344
2147483344
2147483360
268435520
2147483348 728608752
2147483348
2147483348 728608753
2147483344
2147483344 17
2147483344
2147483344
2147483360
268435524
2147483348 1533902737
2147483348
2147483348 1533902738
2147483344
2147483344 18
2147483344
2147483344
2147483360
268435528
2147483348 1840247346
2147483348
2147483348 1840247347
2147483344
2147483344 19
2147483344
2147483344
2147483360
268435532
2147483348 1837076899
2147483348
2147483348 1837076900
2147483344
2147483344 20
2147483344
2147483344
2147483360
268435536
2147483348 2951885940
2147483348
2147483348 2951885941
2147483344
2147483344 21
2147483344
2147483344
2147483360
268435540
2147483348 2140251061
2147483348
2147483348 2140251062
2147483344
2147483344 22
2147483344
2147483344
2147483360
268435544
2147483348 4063524534
2147483348
2147483348 4063524535
2147483344
2147483344 23
2147483344
2147483344
2147483360
268435548
2147483348 2443425223
2147483348
2147483348 2443425224
2147483344
2147483344 24
2147483344
2147483344
2147483360
268435552
2147483348 880195832
2147483348
2147483348 880195833
2147483344
2147483344 25
2147483344
2147483344
2147483360
268435556
2147483348 2746599385
2147483348
2147483348 2746599386
2147483344
2147483344 26
2147483344
2147483344
2147483360
268435560
2147483348 1991834426
2147483348
2147483348 1991834427
2147483344
2147483344 27
2147483344
2147483344
2147483360
268435564
2147483348 3049773547
2147483348
2147483348 3049773548
2147483344
2147483344 28
2147483344
2147483344
2147483360
268435568
2147483348 3103473020
2147483348
2147483348 3103473021
2147483344
2147483344 29
2147483344
2147483344
2147483360
268435572
2147483348 3352947709
2147483348
2147483348 3352947710
2147483344
2147483344 30
2147483344
2147483344
2147483360
268435576
2147483348 4215111614
2147483348
2147483348 4215111615
2147483344
2147483344 31
2147483344
2147483344
2147483360
268435580
2147483348 3656121871
2147483348
2147483348 3656121872
2147483344
2147483344 32
2147483344
2147483344
2147483360
268435584
2147483348 1031782912
2147483348
2147483348 1031782913
2147483344
2147483344 33
2147483344
2147483344
2147483360
268435588
2147483348 3959296033
2147483348
2147483348 3959296034
2147483344
2147483344 34
2147483344
2147483344
2147483360
268435592
2147483348 2143421506
2147483348
2147483348 2143421507
2147483344
2147483344 35
2147483344
2147483344
2147483360
268435596
2147483348 4262470195
2147483348
2147483348 4262470196
2147483344
2147483344 36
2147483344
2147483344
2147483360
268435600
2147483348 3255060100
2147483348
2147483348 3255060101
2147483344
2147483344 37
2147483344
2147483344
2147483360
268435604
2147483348 270677061
2147483348
2147483348 270677062
2147483344
2147483344 38
2147483344
2147483344
2147483360
268435608
2147483348 71731398
2147483348
2147483348 71731399
2147483344
2147483344 39
2147483344
2147483344
2147483360
268435612
2147483348 573851223
2147483348
2147483348 573851224
2147483344
2147483344 40
2147483344
2147483344
2147483360
268435616
2147483348 1183369992
2147483348
2147483348 1183369993
2147483344
2147483344 41
2147483344
2147483344
2147483360
268435620
2147483348 877025385
2147483348
2147483348 877025386
2147483344
2147483344 42
2147483344
2147483344
2147483360
268435624
2147483348 2295008586
2147483348
2147483348 2295008587
2147483344
2147483344 43
2147483344
2147483344
2147483360
268435628
2147483348 1180199547
2147483348
2147483348 1180199548
2147483344
2147483344 44
2147483344
2147483344
2147483360
268435632
2147483348 3406647180
2147483348
2147483348 3406647181
2147483344
2147483344 45
2147483344
2147483344
2147483360
268435636
2147483348 1483373709
2147483348
2147483348 1483373710
2147483344
2147483344 46
2147483344
2147483344
2147483360
268435640
2147483348 223318478
2147483348
2147483348 223318479
2147483344
2147483344 47
2147483344
2147483344
2147483360
268435644
2147483348 1786547871
2147483348
2147483348 1786547872
2147483344
2147483344 48
2147483344
2147483344
2147483360
268435648
2147483348 1334957072
2147483348
2147483348 1334957073
2147483344
2147483344 49
2147483344
2147483344
2147483360
268435652
2147483348 2089722033
2147483348
2147483348 2089722034
2147483344
2147483344 50
2147483344
2147483344
2147483360
268435656
2147483348 2446595666
2147483348
2147483348 2446595667
2147483344
2147483344 51
2147483344
2147483344
2147483360
268435660
2147483348 2392896195
2147483348
2147483348 2392896196
2147483344
2147483344 52
2147483344
2147483344
2147483360
268435664
2147483348 3558234260
2147483348
2147483348 3558234261
2147483344
2147483344 53
2147483344
2147483344
2147483360
268435668
2147483348 2696070357
2147483348
2147483348 2696070358
2147483344
2147483344 54
2147483344
2147483344
2147483360
268435672
2147483348 374905558
2147483348
2147483348 374905559
2147483344
2147483344 55
2147483344
2147483344
2147483360
268435676
2147483348 2999244519
2147483348
2147483348 2999244520
2147483344
2147483344 56
2147483344
2147483344
2147483360
268435680
2147483348 1486544152
2147483348
2147483348 1486544153
2147483344
2147483344 57
2147483344
2147483344
2147483360
268435684
2147483348 3302418681
2147483348
2147483348 3302418682
2147483344
2147483344 58
2147483344
2147483344
2147483360
268435688
2147483348 2598182746
2147483348
print
2147483348 2598182747
2147483344
2147483344 59
2147483344
2147483344
2147483360
268435692
2147483348 3605592843
2147483348
2147483348 3605592844
2147483344
2147483344 60
2147483344
2147483344
2147483360
268435696
2147483348 3709821340
2147483348
2147483348 3709821341
2147483344
2147483344 61
2147483344
2147483344
2147483360
268435700
2147483348 3908767005
2147483348
2147483348 3908767006
2147483344
2147483344 62
2147483344
2147483344
2147483360
268435704
2147483348 526492638
2147483348
2147483348 526492639
2147483344
2147483344 63
2147483344
2147483344
2147483360
268435708
2147483348 4211941167
2147483348
2147483348 4211941168
2147483344
2147483344 64
2147483344
2147483356
2147483356 2147483360
2147483360 2147483384
2147483344 0
2147483344
2147483344
2147483360
2147483384
2147483348 2016
2147483348
2147483348 2017
2147483344
2147483344 1
2147483344
2147483344
2147483360
2147483388
2147483348 16129
2147483348
2147483348 16130
2147483344
2147483344 2
2147483344
2147483344
2147483360
2147483392
2147483348 516130
2147483348
2147483348 516131
2147483344
2147483344 3
2147483344
2147483344
2147483360
2147483396
2147483348 4129043
2147483348
2147483348 4129044
2147483344
2147483344 4
2147483344
2147483344
2147483360
2147483400
2147483348 132129380
2147483348
2147483348 132129381
2147483344
2147483344 5
2147483344
2147483344
2147483360
2147483404
2147483348 1057035045
2147483348
2147483348 1057035046
2147483344
2147483344 6
2147483344
2147483344
2147483360
2147483408
2147483348 3760350374
2147483348
2147483348 3760350375
2147483344
2147483344 7
2147483344
2147483344
2147483360
2147483412
2147483348 18031927
2147483348
2147483348 18031928
2147483344
2147483344 8
2147483344
2147483344
2147483360
2147483416
2147483348 577021672
2147483348
2147483348 577021673
2147483344
2147483344 9
2147483344
2147483344
2147483360
2147483420
2147483348 321206089
2147483348
2147483348 321206090
2147483344
2147483344 10
2147483344
2147483344
2147483360
2147483424
2147483348 1688660266
2147483348
2147483348 1688660267
2147483344
2147483344 11
2147483344
2147483344
2147483360
2147483428
2147483348 624380251
2147483348
2147483348 624380252
2147483344
2147483344 12
2147483344
2147483344
2147483360
2147483432
2147483348 2800298860
2147483348
2147483348 2800298861
2147483344
2147483344 13
2147483344
2147483344
2147483360
2147483436
2147483348 927554413
2147483348
2147483348 927554414
2147483344
2147483344 14
2147483344
2147483344
2147483360
2147483440
2147483348 3911937454
2147483348
2147483348 3911937455
2147483344
2147483344 15
2147483344
2147483344
2147483360
2147483444
2147483348 1230728575
2147483348
2147483348 1230728576
2147483344
2147483344 16
2147483344
2147483344
2147483360
2147483448
2147483348 728608752
2147483348
2147483348 728608753
2147483344
2147483344 17
2147483344
2147483344
2147483360
2147483452
2147483348 1533902737
2147483348
2147483348 1533902738
2147483344
2147483344 18
2147483344
2147483344
2147483360
2147483456
2147483348 1840247346
2147483348
2147483348 1840247347
2147483344
2147483344 19
2147483344
2147483344
2147483360
2147483460
2147483348 1837076899
2147483348
2147483348 1837076900
2147483344
2147483344 20
2147483344
2147483344
2147483360
2147483464
2147483348 2951885940
2147483348
2147483348 2951885941
2147483344
2147483344 21
2147483344
2147483344
2147483360
2147483468
2147483348 2140251061
2147483348
2147483348 2140251062
2147483344
2147483344 22
2147483344
2147483344
2147483360
2147483472
2147483348 4063524534
2147483348
2147483348 4063524535
2147483344
2147483344 23
2147483344
2147483344
2147483360
2147483476
2147483348 2443425223
2147483348
2147483348 2443425224
2147483344
2147483344 24
2147483344
2147483344
2147483360
2147483480
2147483348 880195832
2147483348
2147483348 880195833
2147483344
2147483344 25
2147483344
2147483344
2147483360
2147483484
2147483348 2746599385
2147483348
2147483348 2746599386
2147483344
2147483344 26
2147483344
2147483344
2147483360
2147483488
2147483348 1991834426
2147483348
2147483348 1991834427
2147483344
2147483344 27
2147483344
2147483344
2147483360
2147483492
2147483348 3049773547
2147483348
2147483348 3049773548
2147483344
2147483344 28
2147483344
2147483344
2147483360
2147483496
2147483348 3103473020
2147483348
2147483348 3103473021
2147483344
2147483344 29
2147483344
2147483344
2147483360
2147483500
2147483348 3352947709
2147483348
2147483348 3352947710
2147483344
2147483344 30
2147483344
2147483344
2147483360
2147483504
2147483348 4215111614
2147483348
2147483348 4215111615
2147483344
2147483344 31
2147483344
2147483344
2147483360
2147483508
2147483348 3656121871
2147483348
2147483348 3656121872
2147483344
2147483344 32
2147483344
2147483344
2147483360
2147483512
2147483348 1031782912
2147483348
2147483348 1031782913
2147483344
2147483344 33
2147483344
2147483344
2147483360
2147483516
2147483348 3959296033
2147483348
2147483348 3959296034
2147483344
2147483344 34
2147483344
2147483344
2147483360
2147483520
2147483348 2143421506
2147483348
2147483348 2143421507
2147483344
2147483344 35
2147483344
2147483344
2147483360
2147483524
2147483348 4262470195
2147483348
2147483348 4262470196
2147483344
2147483344 36
2147483344
2147483344
2147483360
2147483528
2147483348 3255060100
2147483348
2147483348 3255060101
2147483344
2147483344 37
2147483344
2147483344
2147483360
2147483532
2147483348 270677061
2147483348
2147483348 270677062
2147483344
2147483344 38
2147483344
2147483344
2147483360
2147483536
2147483348 71731398
2147483348
2147483348 71731399
2147483344
2147483344 39
2147483344
2147483344
2147483360
2147483540
2147483348 573851223
2147483348
2147483348 573851224
2147483344
2147483344 40
2147483344
2147483344
2147483360
2147483544
2147483348 1183369992
2147483348
2147483348 1183369993
2147483344
2147483344 41
2147483344
2147483344
2147483360
print
2147483548
2147483348 877025385
2147483348
2147483348 877025386
2147483344
2147483344 42
2147483344
2147483344
2147483360
2147483552
2147483348 2295008586
2147483348
2147483348 2295008587
2147483344
2147483344 43
2147483344
2147483344
2147483360
2147483556
2147483348 1180199547
2147483348
2147483348 1180199548
2147483344
2147483344 44
2147483344
2147483344
2147483360
2147483560
2147483348 3406647180
2147483348
2147483348 3406647181
2147483344
2147483344 45
2147483344
2147483344
2147483360
2147483564
2147483348 1483373709
2147483348
2147483348 1483373710
2147483344
2147483344 46
2147483344
2147483344
2147483360
2147483568
2147483348 223318478
2147483348
2147483348 223318479
2147483344
2147483344 47
2147483344
2147483344
2147483360
2147483572
2147483348 1786547871
2147483348
2147483348 1786547872
2147483344
2147483344 48
2147483344
2147483344
2147483360
2147483576
2147483348 1334957072
2147483348
2147483348 1334957073
2147483344
2147483344 49
2147483344
2147483344
2147483360
2147483580
2147483348 2089722033
2147483348
2147483348 2089722034
2147483344
2147483344 50
2147483344
2147483344
2147483360
2147483584
2147483348 2446595666
2147483348
2147483348 2446595667
2147483344
2147483344 51
2147483344
2147483344
2147483360
2147483588
2147483348 2392896195
2147483348
2147483348 2392896196
2147483344
2147483344 52
2147483344
2147483344
2147483360
2147483592
2147483348 3558234260
2147483348
2147483348 3558234261
2147483344
2147483344 53
2147483344
2147483344
2147483360
2147483596
2147483348 2696070357
2147483348
2147483348 2696070358
2147483344
2147483344 54
2147483344
2147483344
2147483360
2147483600
2147483348 374905558
2147483348
2147483348 374905559
2147483344
2147483344 55
2147483344
2147483344
2147483360
2147483604
2147483348 2999244519
2147483348
2147483348 2999244520
2147483344
2147483344 56
2147483344
2147483344
2147483360
2147483608
2147483348 1486544152
2147483348
2147483348 1486544153
2147483344
2147483344 57
2147483344
2147483344
2147483360
2147483612
2147483348 3302418681
2147483348
2147483348 3302418682
2147483344
2147483344 58
2147483344
2147483344
2147483360
2147483616
2147483348 2598182746
2147483348
2147483348 2598182747
2147483344
2147483344 59
2147483344
2147483344
2147483360
2147483620
2147483348 3605592843
2147483348
2147483348 3605592844
2147483344
2147483344 60
2147483344
2147483344
2147483360
2147483624
2147483348 3709821340
2147483348
2147483348 3709821341
2147483344
2147483344 61
2147483344
2147483344
2147483360
2147483628
2147483348 3908767005
2147483348
2147483348 3908767006
2147483344
2147483344 62
2147483344
2147483344
2147483360
2147483632
2147483348 526492638
2147483348
2147483348 526492639
2147483344
2147483344 63
2147483344
2147483344
2147483360
2147483636
2147483348 4211941167
2147483348
2147483348 4211941168
2147483344
2147483344 64
2147483344
2147483356
2147483644
2147483640
