4194304 666762976
4194308 2948530460
4194312 2948464920
4194316 60878880
4194320 537198610
4194324 1006899200
4194328 202375195
4194332 32
4194336 537198844
4194340 667025432
4194344 4202528
4194348 202375195
4194352 32
4194356 1006899200
4194360 202375261
4194364 32
4194368 667025432
4194372 4202528
4194376 202375261
4194380 32
4194384 4128
4194388 62973984
4194392 2411659548
4194396 2411594008
4194400 666698016
4194404 65011720
4194408 32
4194412 666763216
4194416 2948530220
4194420 2948464680
4194424 60878880
4194428 2948857904
4194432 2948923444
4194436 2411855924
4194440 32
4194444 2948726808
4194448 537133086
4194452 202375306
4194456 32
4194460 2948726812
4194464 2948595744
4194468 135266385
4194472 32
4194476 2411986972
4194480 202375306
4194484 32
4194488 2948726812
4194492 2411855896
4194496 32
4194500 809631745
4194504 272629770
4194508 32
4194512 2411855896
4194516 32
4194520 137536
4194524 2411855904
4194528 32
4194532 6426657
4194536 2948726808
4194540 135266372
4194544 32
4194548 2411855896
4194552 32
4194556 137408
4194560 2411855904
4194564 32
4194568 6426657
4194572 2948726808
4194576 2411855900
4194580 32
4194584 135296
4194588 2411921456
4194592 32
4194596 6426657
4194600 2411921432
4194604 32
4194608 2890072064
4194612 2411855904
4194616 32
4194620 608305153
4194624 2948726816
4194628 2411855904
4194632 32
4194636 675414080
4194640 339804118
4194644 32
4194648 32
4194652 62973984
4194656 2411659308
4194660 2411593768
4194664 666697776
4194668 65011720
4194672 32
4194676 666763216
4194680 2948530220
4194684 2948464680
4194688 60878880
4194692 2948857904
4194696 537133086
4194700 202375306
4194704 32
4194708 2948726808
4194712 2948595740
4194716 135266430
4194720 32
4194724 2411986968
4194728 202375306
4194732 32
4194736 2948726808
4194740 2411855896
4194744 32
4194748 135296
4194752 2411921456
4194756 32
4194760 6426657
4194764 2353135616
4194768 32
4194772 2948726816
4194776 2411855904
4194780 32
4194784 608305153
4194788 2948726816
4194792 2411855900
4194796 32
4194800 608305153
4194804 2948726812
4194808 2411855900
4194812 32
4194816 675414080
4194820 339804135
4194824 32
4194828 32
4194832 62973984
4194836 2411659308
4194840 2411593768
4194844 666697776
4194848 65011720
4194852 32
4194856 666763256
4194860 2948464644
4194864 60878880
4194868 2948857864
4194872 2411855880
4194876 32
4194880 608305349
4194884 809631807
4194888 2948726792
4194892 2411855880
4194896 62973984
4194900 2411593732
4194904 666697736
4194908 65011720
4194912 32
268435456 0
print
2147483644 0
2147483640 0
2147483356 4194336
2147483352 2147483360
2147483360 268435456
2147483364 18
2147483364
2147483336 18
2147483308 2147483312
2147483312 30
2147483312
2147483312 35
2147483312
2147483308
2147483340 35
2147483344 0
2147483344
2147483340
2147483308 2147483312
2147483312 35
2147483312
2147483312 40
2147483312
2147483308
2147483340 40
2147483336
2147483336
2147483344
2147483336 144
2147483340
2147483360
2147483336
268435616 144
2147483344
2147483344 1
2147483344
2147483340
2147483308 2147483312
2147483312 40
2147483312
2147483312 45
2147483312
2147483308
2147483340 45
2147483336
2147483336
2147483344
2147483336 1153
2147483340
2147483360
2147483336
268435636 1153
2147483344
2147483344 2
2147483344
2147483340
2147483308 2147483312
2147483312 45
2147483312
2147483312 50
2147483312
2147483308
2147483340 50
2147483336
2147483336
2147483344
2147483336 36898
2147483340
2147483360
2147483336
268435656 36898
2147483344
2147483344 3
2147483344
2147483340
2147483308 2147483312
2147483312 50
2147483312
2147483312 55
2147483312
2147483308
2147483340 55
2147483336
2147483336
2147483344
2147483336 295187
2147483340
2147483360
2147483336
268435676 295187
2147483344
2147483344 4
2147483344
2147483340
2147483308 2147483312
2147483312 55
2147483312
2147483312 60
2147483312
2147483308
2147483340 60
2147483336
2147483336
2147483344
2147483336 9445988
2147483340
2147483360
2147483336
268435696 9445988
2147483344
2147483344 5
2147483344
2147483340
2147483308 2147483312
2147483312 60
2147483312
2147483312 1
2147483312
2147483308
2147483340 1
2147483336
2147483336
2147483344
2147483336 75567909
2147483340
2147483360
2147483336
268435460 75567909
2147483344
2147483344 6
2147483344
2147483340
2147483308 2147483312
2147483312 1
2147483312
2147483312 6
2147483312
2147483308
2147483340 6
2147483336
2147483336
2147483344
2147483336 2418173094
2147483340
2147483360
2147483336
268435480 2418173094
2147483344
2147483344 7
2147483344
2147483340
2147483308 2147483312
2147483312 6
2147483312
2147483312 11
2147483312
2147483308
2147483340 11
2147483336
2147483336
2147483344
2147483336 19345384759
2147483340
2147483360
2147483336
268435500 2165515575
2147483344
2147483344 8
2147483344
2147483340
2147483308 2147483312
2147483312 11
2147483312
2147483312 16
2147483312
2147483308
2147483340 16
2147483336
2147483336
2147483344
2147483336 69296498408
2147483340
2147483360
2147483336
268435520 577021672
2147483344
2147483344 9
2147483344
2147483340
2147483308 2147483312
2147483312 16
2147483312
2147483312 21
2147483312
2147483308
2147483340 21
2147483336
2147483336
2147483344
2147483336 4616173385
2147483340
2147483360
2147483336
268435540 321206089
2147483344
2147483344 10
2147483344
2147483340
2147483308 2147483312
2147483312 21
2147483312
2147483312 26
2147483312
2147483308
2147483340 26
2147483336
2147483336
2147483344
2147483336 10278594858
2147483340
2147483360
2147483336
268435560 1688660266
2147483344
2147483344 11
2147483344
2147483340
2147483308 2147483312
2147483312 26
2147483312
2147483312 31
2147483312
2147483308
2147483340 31
2147483336
2147483336
2147483344
2147483336 13509282139
2147483340
2147483360
2147483336
268435580 624380251
2147483344
2147483344 12
2147483344
2147483340
2147483308 2147483312
2147483312 31
2147483312
2147483312 36
2147483312
2147483308
2147483340 36
2147483336
2147483336
2147483344
2147483336 19980168044
2147483340
2147483360
2147483336
268435600 2800298860
2147483344
2147483344 13
2147483344
2147483340
2147483308 2147483312
2147483312 36
2147483312
2147483312 41
2147483312
2147483308
2147483340 41
2147483336
2147483336
2147483344
2147483336 22402390893
2147483340
2147483360
2147483336
268435620 927554413
2147483344
2147483344 14
2147483344
2147483340
2147483308 2147483312
2147483312 41
2147483312
2147483312 46
2147483312
2147483308
2147483340 46
2147483336
2147483336
2147483344
2147483336 29681741230
2147483340
2147483360
2147483336
268435640 3911937454
2147483344
2147483344 15
2147483344
2147483340
2147483308 2147483312
2147483312 46
2147483312
2147483312 51
2147483312
2147483308
2147483340 51
2147483336
2147483336
2147483344
2147483336 31295499647
2147483340
2147483360
2147483336
268435660 1230728575
2147483344
2147483344 16
2147483344
2147483340
2147483308 2147483312
2147483312 51
2147483312
2147483312 56
2147483312
2147483308
2147483340 56
2147483336
2147483336
2147483344
2147483336 39383314416
2147483340
2147483360
2147483336
268435680 728608752
2147483344
2147483344 17
2147483344
2147483340
2147483308 2147483312
2147483312 56
2147483312
2147483312 61
2147483312
2147483308
2147483340 61
2147483336
2147483336
2147483344
2147483336 5828870033
2147483340
2147483360
2147483336
268435700 1533902737
2147483344
2147483344 18
2147483344
2147483340
2147483308 2147483312
2147483312 61
2147483312
2147483312 2
2147483312
2147483308
2147483340 2
2147483336
2147483336
2147483344
2147483336 49084887602
2147483340
2147483360
2147483336
268435464 1840247346
2147483344
2147483344 19
2147483344
2147483340
2147483308 2147483312
2147483312 2
2147483312
2147483312 7
2147483312
2147483308
2147483340 7
2147483336
2147483336
2147483344
2147483336 14721978787
2147483340
2147483360
2147483336
268435484 1837076899
2147483344
2147483344 20
2147483344
2147483340
2147483308 2147483312
2147483312 7
2147483312
2147483312 12
2147483312
2147483308
2147483340 12
2147483336
2147483336
2147483344
2147483336 58786460788
2147483340
2147483360
2147483336
268435504 2951885940
2147483344
2147483344 21
2147483344
print
2147483340
2147483308 2147483312
2147483312 12
2147483312
2147483312 17
2147483312
2147483308
2147483340 17
2147483336
2147483336
2147483344
2147483336 23615087541
2147483340
2147483360
2147483336
268435524 2140251061
2147483344
2147483344 22
2147483344
2147483340
2147483308 2147483312
2147483312 17
2147483312
2147483312 22
2147483312
2147483308
2147483340 22
2147483336
2147483336
2147483344
2147483336 68488033974
2147483340
2147483360
2147483336
268435544 4063524534
2147483344
2147483344 23
2147483344
2147483340
2147483308 2147483312
2147483312 22
2147483312
2147483312 27
2147483312
2147483308
2147483340 27
2147483336
2147483336
2147483344
2147483336 32508196295
2147483340
2147483360
2147483336
268435564 2443425223
2147483344
2147483344 24
2147483344
2147483340
2147483308 2147483312
2147483312 27
2147483312
2147483312 32
2147483312
2147483308
2147483340 32
2147483336
2147483336
2147483344
2147483336 78189607160
2147483340
2147483360
2147483336
268435584 880195832
2147483344
2147483344 25
2147483344
2147483340
2147483308 2147483312
2147483312 32
2147483312
2147483312 37
2147483312
2147483308
2147483340 37
2147483336
2147483336
2147483344
2147483336 7041566681
2147483340
2147483360
2147483336
268435604 2746599385
2147483344
2147483344 26
2147483344
2147483340
2147483308 2147483312
2147483312 37
2147483312
2147483312 42
2147483312
2147483308
2147483340 42
2147483336
2147483336
2147483344
2147483336 87891180346
2147483340
2147483360
2147483336
268435624 1991834426
2147483344
2147483344 27
2147483344
2147483340
2147483308 2147483312
2147483312 42
2147483312
2147483312 47
2147483312
2147483308
2147483340 47
2147483336
2147483336
2147483344
2147483336 15934675435
2147483340
2147483360
2147483336
268435644 3049773547
2147483344
2147483344 28
2147483344
2147483340
2147483308 2147483312
2147483312 47
2147483312
2147483312 52
2147483312
2147483308
2147483340 52
2147483336
2147483336
2147483344
2147483336 97592753532
2147483340
2147483360
2147483336
268435664 3103473020
2147483344
2147483344 29
2147483344
2147483340
2147483308 2147483312
2147483312 52
2147483312
2147483312 57
2147483312
2147483308
2147483340 57
2147483336
2147483336
2147483344
2147483336 24827784189
2147483340
2147483360
2147483336
268435684 3352947709
2147483344
2147483344 30
2147483344
2147483340
2147483308 2147483312
2147483312 57
2147483312
2147483312 62
2147483312
2147483308
2147483340 62
2147483336
2147483336
2147483344
2147483336 107294326718
2147483340
2147483360
2147483336
268435704 4215111614
2147483344
2147483344 31
2147483344
2147483340
2147483308 2147483312
2147483312 62
2147483312
2147483312 3
2147483312
2147483308
2147483340 3
2147483336
2147483336
2147483344
2147483336 33720892943
2147483340
2147483360
2147483336
268435468 3656121871
2147483344
2147483344 32
2147483344
2147483340
2147483308 2147483312
2147483312 3
2147483312
2147483312 8
2147483312
2147483308
2147483340 8
2147483336
2147483336
2147483344
2147483336 116995899904
2147483340
2147483360
2147483336
268435488 1031782912
2147483344
2147483344 33
2147483344
2147483340
2147483308 2147483312
2147483312 8
2147483312
2147483312 13
2147483312
2147483308
2147483340 13
2147483336
2147483336
2147483344
2147483336 8254263329
2147483340
2147483360
2147483336
268435508 3959296033
2147483344
2147483344 34
2147483344
2147483340
2147483308 2147483312
2147483312 13
2147483312
2147483312 18
2147483312
2147483308
2147483340 18
2147483336
2147483336
2147483344
2147483336 126697473090
2147483340
2147483360
2147483336
268435528 2143421506
2147483344
2147483344 35
2147483344
2147483340
2147483308 2147483312
2147483312 18
2147483312
2147483312 23
2147483312
2147483308
2147483340 23
2147483336
2147483336
2147483344
2147483336 17147372083
2147483340
2147483360
2147483336
268435548 4262470195
2147483344
2147483344 36
2147483344
2147483340
2147483308 2147483312
2147483312 23
2147483312
2147483312 28
2147483312
2147483308
2147483340 28
2147483336
2147483336
2147483344
2147483336 136399046276
2147483340
2147483360
2147483336
268435568 3255060100
2147483344
2147483344 37
2147483344
2147483340
2147483308 2147483312
2147483312 28
2147483312
2147483312 33
2147483312
2147483308
2147483340 33
2147483336
2147483336
2147483344
2147483336 26040480837
2147483340
2147483360
2147483336
268435588 270677061
2147483344
2147483344 38
2147483344
2147483340
2147483308 2147483312
2147483312 33
2147483312
2147483312 38
2147483312
2147483308
2147483340 38
2147483336
2147483336
2147483344
2147483336 8661665990
2147483340
2147483360
2147483336
268435608 71731398
2147483344
2147483344 39
2147483344
2147483340
2147483308 2147483312
2147483312 38
2147483312
2147483312 43
2147483312
2147483308
2147483340 43
2147483336
2147483336
2147483344
2147483336 573851223
2147483340
2147483360
2147483336
268435628 573851223
2147483344
2147483344 40
2147483344
2147483340
2147483308 2147483312
2147483312 43
2147483312
2147483312 48
2147483312
2147483308
2147483340 48
2147483336
2147483336
2147483344
2147483336 18363239176
2147483340
2147483360
2147483336
268435648 1183369992
2147483344
2147483344 41
2147483344
2147483340
2147483308 2147483312
2147483312 48
2147483312
2147483312 53
2147483312
2147483308
2147483340 53
2147483336
2147483336
2147483344
2147483336 9466959977
2147483340
2147483360
2147483336
268435668 877025385
2147483344
2147483344 42
2147483344
2147483340
2147483308 2147483312
2147483312 53
2147483312
2147483312 58
2147483312
2147483308
2147483340 58
2147483336
2147483336
2147483344
2147483336 28064812362
2147483340
print
2147483360
2147483336
268435688 2295008586
2147483344
2147483344 43
2147483344
2147483340
2147483308 2147483312
2147483312 58
2147483312
2147483312 63
2147483312
2147483308
2147483340 63
2147483336
2147483336
2147483344
2147483336 18360068731
2147483340
2147483360
2147483336
268435708 1180199547
2147483344
2147483344 44
2147483344
2147483340
2147483308 2147483312
2147483312 63
2147483312
2147483312 4
2147483312
2147483308
2147483340 4
2147483336
2147483336
2147483344
2147483336 37766385548
2147483340
2147483360
2147483336
268435472 3406647180
2147483344
2147483344 45
2147483344
2147483340
2147483308 2147483312
2147483312 4
2147483312
2147483312 9
2147483312
2147483308
2147483340 9
2147483336
2147483336
2147483344
2147483336 27253177485
2147483340
2147483360
2147483336
268435492 1483373709
2147483344
2147483344 46
2147483344
2147483340
2147483308 2147483312
2147483312 9
2147483312
2147483312 14
2147483312
2147483308
2147483340 14
2147483336
2147483336
2147483344
2147483336 47467958734
2147483340
2147483360
2147483336
268435512 223318478
2147483344
2147483344 47
2147483344
2147483340
2147483308 2147483312
2147483312 14
2147483312
2147483312 19
2147483312
2147483308
2147483340 19
2147483336
2147483336
2147483344
2147483336 1786547871
2147483340
2147483360
2147483336
268435532 1786547871
2147483344
2147483344 48
2147483344
2147483340
2147483308 2147483312
2147483312 19
2147483312
2147483312 24
2147483312
2147483308
2147483340 24
2147483336
2147483336
2147483344
2147483336 57169531920
2147483340
2147483360
2147483336
268435552 1334957072
2147483344
2147483344 49
2147483344
2147483340
2147483308 2147483312
2147483312 24
2147483312
2147483312 29
2147483312
2147483308
2147483340 29
2147483336
2147483336
2147483344
2147483336 10679656625
2147483340
2147483360
2147483336
268435572 2089722033
2147483344
2147483344 50
2147483344
2147483340
2147483308 2147483312
2147483312 29
2147483312
2147483312 34
2147483312
2147483308
2147483340 34
2147483336
2147483336
2147483344
2147483336 66871105106
2147483340
2147483360
2147483336
268435592 2446595666
2147483344
2147483344 51
2147483344
2147483340
2147483308 2147483312
2147483312 34
2147483312
2147483312 39
2147483312
2147483308
2147483340 39
2147483336
2147483336
2147483344
2147483336 19572765379
2147483340
2147483360
2147483336
268435612 2392896195
2147483344
2147483344 52
2147483344
2147483340
2147483308 2147483312
2147483312 39
2147483312
2147483312 44
2147483312
2147483308
2147483340 44
2147483336
2147483336
2147483344
2147483336 76572678292
2147483340
2147483360
2147483336
268435632 3558234260
2147483344
2147483344 53
2147483344
2147483340
2147483308 2147483312
2147483312 44
2147483312
2147483312 49
2147483312
2147483308
2147483340 49
2147483336
2147483336
2147483344
2147483336 28465874133
2147483340
2147483360
2147483336
268435652 2696070357
2147483344
2147483344 54
2147483344
2147483340
2147483308 2147483312
2147483312 49
2147483312
2147483312 54
2147483312
2147483308
2147483340 54
2147483336
2147483336
2147483344
2147483336 86274251478
2147483340
2147483360
2147483336
268435672 374905558
2147483344
2147483344 55
2147483344
2147483340
2147483308 2147483312
2147483312 54
2147483312
2147483312 59
2147483312
2147483308
2147483340 59
2147483336
2147483336
2147483344
2147483336 2999244519
2147483340
2147483360
2147483336
268435692 2999244519
2147483344
2147483344 56
2147483344
2147483340
2147483308 2147483312
2147483312 59
2147483312
2147483312 0
2147483312
2147483308
2147483340 0
2147483336
2147483336
2147483344
2147483336 95975824664
2147483340
2147483360
2147483336
268435456 1486544152
2147483344
2147483344 57
2147483344
2147483340
2147483308 2147483312
2147483312 0
2147483312
2147483312 5
2147483312
2147483308
2147483340 5
2147483336
2147483336
2147483344
2147483336 11892353273
2147483340
2147483360
2147483336
268435476 3302418681
2147483344
2147483344 58
2147483344
2147483340
2147483308 2147483312
2147483312 5
2147483312
2147483312 10
2147483312
2147483308
2147483340 10
2147483336
2147483336
2147483344
2147483336 105677397850
2147483340
2147483360
2147483336
268435496 2598182746
2147483344
2147483344 59
2147483344
2147483340
2147483308 2147483312
2147483312 10
2147483312
2147483312 15
2147483312
2147483308
2147483340 15
2147483336
2147483336
2147483344
2147483336 20785462027
2147483340
2147483360
2147483336
268435516 3605592843
2147483344
2147483344 60
2147483344
2147483340
2147483308 2147483312
2147483312 15
2147483312
2147483312 20
2147483312
2147483308
2147483340 20
2147483336
2147483336
2147483344
2147483336 115378971036
2147483340
2147483360
2147483336
268435536 3709821340
2147483344
2147483344 61
2147483344
2147483340
2147483308 2147483312
2147483312 20
2147483312
2147483312 25
2147483312
2147483308
2147483340 25
2147483336
2147483336
2147483344
2147483336 29678570781
2147483340
2147483360
2147483336
268435556 3908767005
2147483344
2147483344 62
2147483344
2147483340
2147483308 2147483312
2147483312 25
2147483312
2147483312 30
2147483312
2147483308
2147483340 30
2147483336
2147483336
2147483344
2147483336 125080544222
2147483340
2147483360
2147483336
268435576 526492638
2147483344
2147483344 63
2147483344
2147483340
2147483308 2147483312
2147483312 30
2147483312
2147483312 35
2147483312
2147483308
2147483340 35
2147483336
2147483336
2147483344
2147483336 4211941167
2147483340
2147483360
2147483336
268435596 4211941167
2147483344
2147483344 64
2147483344
2147483356
2147483352
2147483356 4194356
2147483352 2147483360
2147483360 2147483384
2147483364 252
2147483364
2147483336 252
print
2147483308 2147483312
2147483312 30
2147483312
2147483312 35
2147483312
2147483308
2147483340 35
2147483344 0
2147483344
2147483340
2147483308 2147483312
2147483312 35
2147483312
2147483312 40
2147483312
2147483308
2147483340 40
2147483336
2147483336
2147483344
2147483336 2016
2147483340
2147483360
2147483336
2147483544 2016
2147483344
2147483344 1
2147483344
2147483340
2147483308 2147483312
2147483312 40
2147483312
2147483312 45
2147483312
2147483308
2147483340 45
2147483336
2147483336
2147483344
2147483336 16129
2147483340
2147483360
2147483336
2147483564 16129
2147483344
2147483344 2
2147483344
2147483340
2147483308 2147483312
2147483312 45
2147483312
2147483312 50
2147483312
2147483308
2147483340 50
2147483336
2147483336
2147483344
2147483336 516130
2147483340
2147483360
2147483336
2147483584 516130
2147483344
2147483344 3
2147483344
2147483340
2147483308 2147483312
2147483312 50
2147483312
2147483312 55
2147483312
2147483308
2147483340 55
2147483336
2147483336
2147483344
2147483336 4129043
2147483340
2147483360
2147483336
2147483604 4129043
2147483344
2147483344 4
2147483344
2147483340
2147483308 2147483312
2147483312 55
2147483312
2147483312 60
2147483312
2147483308
2147483340 60
2147483336
2147483336
2147483344
2147483336 132129380
2147483340
2147483360
2147483336
2147483624 132129380
2147483344
2147483344 5
2147483344
2147483340
2147483308 2147483312
2147483312 60
2147483312
2147483312 1
2147483312
2147483308
2147483340 1
2147483336
2147483336
2147483344
2147483336 1057035045
2147483340
2147483360
2147483336
2147483388 1057035045
2147483344
2147483344 6
2147483344
2147483340
2147483308 2147483312
2147483312 1
2147483312
2147483312 6
2147483312
2147483308
2147483340 6
2147483336
2147483336
2147483344
2147483336 33825121446
2147483340
2147483360
2147483336
2147483408 3760350374
2147483344
2147483344 7
2147483344
2147483340
2147483308 2147483312
2147483312 6
2147483312
2147483312 11
2147483312
2147483308
2147483340 11
2147483336
2147483336
2147483344
2147483336 30082802999
2147483340
2147483360
2147483336
2147483428 18031927
2147483344
2147483344 8
2147483344
2147483340
2147483308 2147483312
2147483312 11
2147483312
2147483312 16
2147483312
2147483308
2147483340 16
2147483336
2147483336
2147483344
2147483336 577021672
2147483340
2147483360
2147483336
2147483448 577021672
2147483344
2147483344 9
2147483344
2147483340
2147483308 2147483312
2147483312 16
2147483312
2147483312 21
2147483312
2147483308
2147483340 21
2147483336
2147483336
2147483344
2147483336 4616173385
2147483340
2147483360
2147483336
2147483468 321206089
2147483344
2147483344 10
2147483344
2147483340
2147483308 2147483312
2147483312 21
2147483312
2147483312 26
2147483312
2147483308
2147483340 26
2147483336
2147483336
2147483344
2147483336 10278594858
2147483340
2147483360
2147483336
2147483488 1688660266
2147483344
2147483344 11
2147483344
2147483340
2147483308 2147483312
2147483312 26
2147483312
2147483312 31
2147483312
2147483308
2147483340 31
2147483336
2147483336
2147483344
2147483336 13509282139
2147483340
2147483360
2147483336
2147483508 624380251
2147483344
2147483344 12
2147483344
2147483340
2147483308 2147483312
2147483312 31
2147483312
2147483312 36
2147483312
2147483308
2147483340 36
2147483336
2147483336
2147483344
2147483336 19980168044
2147483340
2147483360
2147483336
2147483528 2800298860
2147483344
2147483344 13
2147483344
2147483340
2147483308 2147483312
2147483312 36
2147483312
2147483312 41
2147483312
2147483308
2147483340 41
2147483336
2147483336
2147483344
2147483336 22402390893
2147483340
2147483360
2147483336
2147483548 927554413
2147483344
2147483344 14
2147483344
2147483340
2147483308 2147483312
2147483312 41
2147483312
2147483312 46
2147483312
2147483308
2147483340 46
2147483336
2147483336
2147483344
2147483336 29681741230
2147483340
2147483360
2147483336
2147483568 3911937454
2147483344
2147483344 15
2147483344
2147483340
2147483308 2147483312
2147483312 46
2147483312
2147483312 51
2147483312
2147483308
2147483340 51
2147483336
2147483336
2147483344
2147483336 31295499647
2147483340
2147483360
2147483336
2147483588 1230728575
2147483344
2147483344 16
2147483344
2147483340
2147483308 2147483312
2147483312 51
2147483312
2147483312 56
2147483312
2147483308
2147483340 56
2147483336
2147483336
2147483344
2147483336 39383314416
2147483340
2147483360
2147483336
2147483608 728608752
2147483344
2147483344 17
2147483344
2147483340
2147483308 2147483312
2147483312 56
2147483312
2147483312 61
2147483312
2147483308
2147483340 61
2147483336
2147483336
2147483344
2147483336 5828870033
2147483340
2147483360
2147483336
2147483628 1533902737
2147483344
2147483344 18
2147483344
2147483340
2147483308 2147483312
2147483312 61
2147483312
2147483312 2
2147483312
2147483308
2147483340 2
2147483336
2147483336
2147483344
2147483336 49084887602
2147483340
2147483360
2147483336
2147483392 1840247346
2147483344
2147483344 19
2147483344
2147483340
2147483308 2147483312
2147483312 2
2147483312
2147483312 7
2147483312
2147483308
2147483340 7
2147483336
2147483336
2147483344
2147483336 14721978787
2147483340
2147483360
2147483336
2147483412 1837076899
2147483344
2147483344 20
2147483344
2147483340
2147483308 2147483312
2147483312 7
2147483312
2147483312 12
2147483312
2147483308
2147483340 12
2147483336
2147483336
2147483344
2147483336 58786460788
2147483340
2147483360
2147483336
2147483432 2951885940
2147483344
2147483344 21
2147483344
2147483340
2147483308 2147483312
2147483312 12
2147483312
2147483312 17
2147483312
print
2147483308
2147483340 17
2147483336
2147483336
2147483344
2147483336 23615087541
2147483340
2147483360
2147483336
2147483452 2140251061
2147483344
2147483344 22
2147483344
2147483340
2147483308 2147483312
2147483312 17
2147483312
2147483312 22
2147483312
2147483308
2147483340 22
2147483336
2147483336
2147483344
2147483336 68488033974
2147483340
2147483360
2147483336
2147483472 4063524534
2147483344
2147483344 23
2147483344
2147483340
2147483308 2147483312
2147483312 22
2147483312
2147483312 27
2147483312
2147483308
2147483340 27
2147483336
2147483336
2147483344
2147483336 32508196295
2147483340
2147483360
2147483336
2147483492 2443425223
2147483344
2147483344 24
2147483344
2147483340
2147483308 2147483312
2147483312 27
2147483312
2147483312 32
2147483312
2147483308
2147483340 32
2147483336
2147483336
2147483344
2147483336 78189607160
2147483340
2147483360
2147483336
2147483512 880195832
2147483344
2147483344 25
2147483344
2147483340
2147483308 2147483312
2147483312 32
2147483312
2147483312 37
2147483312
2147483308
2147483340 37
2147483336
2147483336
2147483344
2147483336 7041566681
2147483340
2147483360
2147483336
2147483532 2746599385
2147483344
2147483344 26
2147483344
2147483340
2147483308 2147483312
2147483312 37
2147483312
2147483312 42
2147483312
2147483308
2147483340 42
2147483336
2147483336
2147483344
2147483336 87891180346
2147483340
2147483360
2147483336
2147483552 1991834426
2147483344
2147483344 27
2147483344
2147483340
2147483308 2147483312
2147483312 42
2147483312
2147483312 47
2147483312
2147483308
2147483340 47
2147483336
2147483336
2147483344
2147483336 15934675435
2147483340
2147483360
2147483336
2147483572 3049773547
2147483344
2147483344 28
2147483344
2147483340
2147483308 2147483312
2147483312 47
2147483312
2147483312 52
2147483312
2147483308
2147483340 52
2147483336
2147483336
2147483344
2147483336 97592753532
2147483340
2147483360
2147483336
2147483592 3103473020
2147483344
2147483344 29
2147483344
2147483340
2147483308 2147483312
2147483312 52
2147483312
2147483312 57
2147483312
2147483308
2147483340 57
2147483336
2147483336
2147483344
2147483336 24827784189
2147483340
2147483360
2147483336
2147483612 3352947709
2147483344
2147483344 30
2147483344
2147483340
2147483308 2147483312
2147483312 57
2147483312
2147483312 62
2147483312
2147483308
2147483340 62
2147483336
2147483336
2147483344
2147483336 107294326718
2147483340
2147483360
2147483336
2147483632 4215111614
2147483344
2147483344 31
2147483344
2147483340
2147483308 2147483312
2147483312 62
2147483312
2147483312 3
2147483312
2147483308
2147483340 3
2147483336
2147483336
2147483344
2147483336 33720892943
2147483340
2147483360
2147483336
2147483396 3656121871
2147483344
2147483344 32
2147483344
2147483340
2147483308 2147483312
2147483312 3
2147483312
2147483312 8
2147483312
2147483308
2147483340 8
2147483336
2147483336
2147483344
2147483336 116995899904
2147483340
2147483360
2147483336
2147483416 1031782912
2147483344
2147483344 33
2147483344
2147483340
2147483308 2147483312
2147483312 8
2147483312
2147483312 13
2147483312
2147483308
2147483340 13
2147483336
2147483336
2147483344
2147483336 8254263329
2147483340
2147483360
2147483336
2147483436 3959296033
2147483344
2147483344 34
2147483344
2147483340
2147483308 2147483312
2147483312 13
2147483312
2147483312 18
2147483312
2147483308
2147483340 18
2147483336
2147483336
2147483344
2147483336 126697473090
2147483340
2147483360
2147483336
2147483456 2143421506
2147483344
2147483344 35
2147483344
2147483340
2147483308 2147483312
2147483312 18
2147483312
2147483312 23
2147483312
2147483308
2147483340 23
2147483336
2147483336
2147483344
2147483336 17147372083
2147483340
2147483360
2147483336
2147483476 4262470195
2147483344
2147483344 36
2147483344
2147483340
2147483308 2147483312
2147483312 23
2147483312
2147483312 28
2147483312
2147483308
2147483340 28
2147483336
2147483336
2147483344
2147483336 136399046276
2147483340
2147483360
2147483336
2147483496 3255060100
2147483344
2147483344 37
2147483344
2147483340
2147483308 2147483312
2147483312 28
2147483312
2147483312 33
2147483312
2147483308
2147483340 33
2147483336
2147483336
2147483344
2147483336 26040480837
2147483340
2147483360
2147483336
2147483516 270677061
2147483344
2147483344 38
2147483344
2147483340
2147483308 2147483312
2147483312 33
2147483312
2147483312 38
2147483312
2147483308
2147483340 38
2147483336
2147483336
2147483344
2147483336 8661665990
2147483340
2147483360
2147483336
2147483536 71731398
2147483344
2147483344 39
2147483344
2147483340
2147483308 2147483312
2147483312 38
2147483312
2147483312 43
2147483312
2147483308
2147483340 43
2147483336
2147483336
2147483344
2147483336 573851223
2147483340
2147483360
2147483336
2147483556 573851223
2147483344
2147483344 40
2147483344
2147483340
2147483308 2147483312
2147483312 43
2147483312
2147483312 48
2147483312
2147483308
2147483340 48
2147483336
2147483336
2147483344
2147483336 18363239176
2147483340
2147483360
2147483336
2147483576 1183369992
2147483344
2147483344 41
2147483344
2147483340
2147483308 2147483312
2147483312 48
2147483312
2147483312 53
2147483312
2147483308
2147483340 53
2147483336
2147483336
2147483344
2147483336 9466959977
2147483340
2147483360
2147483336
2147483596 877025385
2147483344
2147483344 42
2147483344
2147483340
2147483308 2147483312
2147483312 53
2147483312
2147483312 58
2147483312
2147483308
2147483340 58
2147483336
2147483336
2147483344
2147483336 28064812362
2147483340
2147483360
2147483336
2147483616 2295008586
2147483344
2147483344 43
2147483344
print
2147483340
2147483308 2147483312
2147483312 58
2147483312
2147483312 63
2147483312
2147483308
2147483340 63
2147483336
2147483336
2147483344
2147483336 18360068731
2147483340
2147483360
2147483336
2147483636 1180199547
2147483344
2147483344 44
2147483344
2147483340
2147483308 2147483312
2147483312 63
2147483312
2147483312 4
2147483312
2147483308
2147483340 4
2147483336
2147483336
2147483344
2147483336 37766385548
2147483340
2147483360
2147483336
2147483400 3406647180
2147483344
2147483344 45
2147483344
2147483340
2147483308 2147483312
2147483312 4
2147483312
2147483312 9
2147483312
2147483308
2147483340 9
2147483336
2147483336
2147483344
2147483336 27253177485
2147483340
2147483360
2147483336
2147483420 1483373709
2147483344
2147483344 46
2147483344
2147483340
2147483308 2147483312
2147483312 9
2147483312
2147483312 14
2147483312
2147483308
2147483340 14
2147483336
2147483336
2147483344
2147483336 47467958734
2147483340
2147483360
2147483336
2147483440 223318478
2147483344
2147483344 47
2147483344
2147483340
2147483308 2147483312
2147483312 14
2147483312
2147483312 19
2147483312
2147483308
2147483340 19
2147483336
2147483336
2147483344
2147483336 1786547871
2147483340
2147483360
2147483336
2147483460 1786547871
2147483344
2147483344 48
2147483344
2147483340
2147483308 2147483312
2147483312 19
2147483312
2147483312 24
2147483312
2147483308
2147483340 24
2147483336
2147483336
2147483344
2147483336 57169531920
2147483340
2147483360
2147483336
2147483480 1334957072
2147483344
2147483344 49
2147483344
2147483340
2147483308 2147483312
2147483312 24
2147483312
2147483312 29
2147483312
2147483308
2147483340 29
2147483336
2147483336
2147483344
2147483336 10679656625
2147483340
2147483360
2147483336
2147483500 2089722033
2147483344
2147483344 50
2147483344
2147483340
2147483308 2147483312
2147483312 29
2147483312
2147483312 34
2147483312
2147483308
2147483340 34
2147483336
2147483336
2147483344
2147483336 66871105106
2147483340
2147483360
2147483336
2147483520 2446595666
2147483344
2147483344 51
2147483344
2147483340
2147483308 2147483312
2147483312 34
2147483312
2147483312 39
2147483312
2147483308
2147483340 39
2147483336
2147483336
2147483344
2147483336 19572765379
2147483340
2147483360
2147483336
2147483540 2392896195
2147483344
2147483344 52
2147483344
2147483340
2147483308 2147483312
2147483312 39
2147483312
2147483312 44
2147483312
2147483308
2147483340 44
2147483336
2147483336
2147483344
2147483336 76572678292
2147483340
2147483360
2147483336
2147483560 3558234260
2147483344
2147483344 53
2147483344
2147483340
2147483308 2147483312
2147483312 44
2147483312
2147483312 49
2147483312
2147483308
2147483340 49
2147483336
2147483336
2147483344
2147483336 28465874133
2147483340
2147483360
2147483336
2147483580 2696070357
2147483344
2147483344 54
2147483344
2147483340
2147483308 2147483312
2147483312 49
2147483312
2147483312 54
2147483312
2147483308
2147483340 54
2147483336
2147483336
2147483344
2147483336 86274251478
2147483340
2147483360
2147483336
2147483600 374905558
2147483344
2147483344 55
2147483344
2147483340
2147483308 2147483312
2147483312 54
2147483312
2147483312 59
2147483312
2147483308
2147483340 59
2147483336
2147483336
2147483344
2147483336 2999244519
2147483340
2147483360
2147483336
2147483620 2999244519
2147483344
2147483344 56
2147483344
2147483340
2147483308 2147483312
2147483312 59
2147483312
2147483312 0
2147483312
2147483308
2147483340 0
2147483336
2147483336
2147483344
2147483336 95975824664
2147483340
2147483360
2147483336
2147483384 1486544152
2147483344
2147483344 57
2147483344
2147483340
2147483308 2147483312
2147483312 0
2147483312
2147483312 5
2147483312
2147483308
2147483340 5
2147483336
2147483336
2147483344
2147483336 11892353273
2147483340
2147483360
2147483336
2147483404 3302418681
2147483344
2147483344 58
2147483344
2147483340
2147483308 2147483312
2147483312 5
2147483312
2147483312 10
2147483312
2147483308
2147483340 10
2147483336
2147483336
2147483344
2147483336 105677397850
2147483340
2147483360
2147483336
2147483424 2598182746
2147483344
2147483344 59
2147483344
2147483340
2147483308 2147483312
2147483312 10
2147483312
2147483312 15
2147483312
2147483308
2147483340 15
2147483336
2147483336
2147483344
2147483336 20785462027
2147483340
2147483360
2147483336
2147483444 3605592843
2147483344
2147483344 60
2147483344
2147483340
2147483308 2147483312
2147483312 15
2147483312
2147483312 20
2147483312
2147483308
2147483340 20
2147483336
2147483336
2147483344
2147483336 115378971036
2147483340
2147483360
2147483336
2147483464 3709821340
2147483344
2147483344 61
2147483344
2147483340
2147483308 2147483312
2147483312 20
2147483312
2147483312 25
2147483312
2147483308
2147483340 25
2147483336
2147483336
2147483344
2147483336 29678570781
2147483340
2147483360
2147483336
2147483484 3908767005
2147483344
2147483344 62
2147483344
2147483340
2147483308 2147483312
2147483312 25
2147483312
2147483312 30
2147483312
2147483308
2147483340 30
2147483336
2147483336
2147483344
2147483336 125080544222
2147483340
2147483360
2147483336
2147483504 526492638
2147483344
2147483344 63
2147483344
2147483340
2147483308 2147483312
2147483312 30
2147483312
2147483312 35
2147483312
2147483308
2147483340 35
2147483336
2147483336
2147483344
2147483336 4211941167
2147483340
2147483360
2147483336
2147483524 4211941167
2147483344
2147483344 64
2147483344
2147483356
2147483352
2147483356 4194368
2147483352 2147483360
2147483360 268435456
2147483308 2147483312
2147483312 30
2147483312
2147483312 35
2147483312
2147483308
2147483336 35
2147483340 0
2147483340
print
2147483336
2147483308 2147483312
2147483312 35
2147483312
2147483312 40
2147483312
2147483308
2147483336 40
2147483336
2147483360
268435616
2147483344 144
2147483344
2147483344 145
2147483340
2147483340 1
2147483340
2147483336
2147483308 2147483312
2147483312 40
2147483312
2147483312 45
2147483312
2147483308
2147483336 45
2147483336
2147483360
268435636
2147483344 1153
2147483344
2147483344 1154
2147483340
2147483340 2
2147483340
2147483336
2147483308 2147483312
2147483312 45
2147483312
2147483312 50
2147483312
2147483308
2147483336 50
2147483336
2147483360
268435656
2147483344 36898
2147483344
2147483344 36899
2147483340
2147483340 3
2147483340
2147483336
2147483308 2147483312
2147483312 50
2147483312
2147483312 55
2147483312
2147483308
2147483336 55
2147483336
2147483360
268435676
2147483344 295187
2147483344
2147483344 295188
2147483340
2147483340 4
2147483340
2147483336
2147483308 2147483312
2147483312 55
2147483312
2147483312 60
2147483312
2147483308
2147483336 60
2147483336
2147483360
268435696
2147483344 9445988
2147483344
2147483344 9445989
2147483340
2147483340 5
2147483340
2147483336
2147483308 2147483312
2147483312 60
2147483312
2147483312 1
2147483312
2147483308
2147483336 1
2147483336
2147483360
268435460
2147483344 75567909
2147483344
2147483344 75567910
2147483340
2147483340 6
2147483340
2147483336
2147483308 2147483312
2147483312 1
2147483312
2147483312 6
2147483312
2147483308
2147483336 6
2147483336
2147483360
268435480
2147483344 2418173094
2147483344
2147483344 2418173095
2147483340
2147483340 7
2147483340
2147483336
2147483308 2147483312
2147483312 6
2147483312
2147483312 11
2147483312
2147483308
2147483336 11
2147483336
2147483360
268435500
2147483344 2165515575
2147483344
2147483344 2165515576
2147483340
2147483340 8
2147483340
2147483336
2147483308 2147483312
2147483312 11
2147483312
2147483312 16
2147483312
2147483308
2147483336 16
2147483336
2147483360
268435520
2147483344 577021672
2147483344
2147483344 577021673
2147483340
2147483340 9
2147483340
2147483336
2147483308 2147483312
2147483312 16
2147483312
2147483312 21
2147483312
2147483308
2147483336 21
2147483336
2147483360
268435540
2147483344 321206089
2147483344
2147483344 321206090
2147483340
2147483340 10
2147483340
2147483336
2147483308 2147483312
2147483312 21
2147483312
2147483312 26
2147483312
2147483308
2147483336 26
2147483336
2147483360
268435560
2147483344 1688660266
2147483344
2147483344 1688660267
2147483340
2147483340 11
2147483340
2147483336
2147483308 2147483312
2147483312 26
2147483312
2147483312 31
2147483312
2147483308
2147483336 31
2147483336
2147483360
268435580
2147483344 624380251
2147483344
2147483344 624380252
2147483340
2147483340 12
2147483340
2147483336
2147483308 2147483312
2147483312 31
2147483312
2147483312 36
2147483312
2147483308
2147483336 36
2147483336
2147483360
268435600
2147483344 2800298860
2147483344
2147483344 2800298861
2147483340
2147483340 13
2147483340
2147483336
2147483308 2147483312
2147483312 36
2147483312
2147483312 41
2147483312
2147483308
2147483336 41
2147483336
2147483360
268435620
2147483344 927554413
2147483344
2147483344 927554414
2147483340
2147483340 14
2147483340
2147483336
2147483308 2147483312
2147483312 41
2147483312
2147483312 46
2147483312
2147483308
2147483336 46
2147483336
2147483360
268435640
2147483344 3911937454
2147483344
2147483344 3911937455
2147483340
2147483340 15
2147483340
2147483336
2147483308 2147483312
2147483312 46
2147483312
2147483312 51
2147483312
2147483308
2147483336 51
2147483336
2147483360
268435660
2147483344 1230728575
2147483344
2147483344 1230728576
2147483340
2147483340 16
2147483340
2147483336
2147483308 2147483312
2147483312 51
2147483312
2147483312 56
2147483312
2147483308
2147483336 56
2147483336
2147483360
268435680
2147483344 728608752
2147483344
2147483344 728608753
2147483340
2147483340 17
2147483340
2147483336
2147483308 2147483312
2147483312 56
2147483312
2147483312 61
2147483312
2147483308
2147483336 61
2147483336
2147483360
268435700
2147483344 1533902737
2147483344
2147483344 1533902738
2147483340
2147483340 18
2147483340
2147483336
2147483308 2147483312
2147483312 61
2147483312
2147483312 2
2147483312
2147483308
2147483336 2
2147483336
2147483360
268435464
2147483344 1840247346
2147483344
2147483344 1840247347
2147483340
2147483340 19
2147483340
2147483336
2147483308 2147483312
2147483312 2
2147483312
2147483312 7
2147483312
2147483308
2147483336 7
2147483336
2147483360
268435484
2147483344 1837076899
2147483344
2147483344 1837076900
2147483340
2147483340 20
2147483340
2147483336
2147483308 2147483312
2147483312 7
2147483312
2147483312 12
2147483312
2147483308
2147483336 12
2147483336
2147483360
268435504
2147483344 2951885940
2147483344
2147483344 2951885941
2147483340
2147483340 21
2147483340
2147483336
2147483308 2147483312
2147483312 12
2147483312
2147483312 17
2147483312
2147483308
2147483336 17
2147483336
2147483360
268435524
2147483344 2140251061
2147483344
2147483344 2140251062
2147483340
2147483340 22
2147483340
2147483336
2147483308 2147483312
2147483312 17
2147483312
2147483312 22
2147483312
2147483308
2147483336 22
2147483336
2147483360
268435544
2147483344 4063524534
2147483344
2147483344 4063524535
2147483340
2147483340 23
2147483340
2147483336
2147483308 2147483312
2147483312 22
2147483312
2147483312 27
2147483312
2147483308
2147483336 27
2147483336
2147483360
268435564
2147483344 2443425223
2147483344
2147483344 2443425224
2147483340
2147483340 24
2147483340
2147483336
2147483308 2147483312
2147483312 27
2147483312
2147483312 32
2147483312
2147483308
2147483336 32
2147483336
2147483360
268435584
2147483344 880195832
2147483344
2147483344 880195833
2147483340
2147483340 25
2147483340
2147483336
2147483308 2147483312
2147483312 32
2147483312
2147483312 37
2147483312
2147483308
2147483336 37
2147483336
2147483360
268435604
2147483344 2746599385
2147483344
2147483344 2746599386
2147483340
2147483340 26
2147483340
2147483336
2147483308 2147483312
2147483312 37
2147483312
print
2147483312 42
2147483312
2147483308
2147483336 42
2147483336
2147483360
268435624
2147483344 1991834426
2147483344
2147483344 1991834427
2147483340
2147483340 27
2147483340
2147483336
2147483308 2147483312
2147483312 42
2147483312
2147483312 47
2147483312
2147483308
2147483336 47
2147483336
2147483360
268435644
2147483344 3049773547
2147483344
2147483344 3049773548
2147483340
2147483340 28
2147483340
2147483336
2147483308 2147483312
2147483312 47
2147483312
2147483312 52
2147483312
2147483308
2147483336 52
2147483336
2147483360
268435664
2147483344 3103473020
2147483344
2147483344 3103473021
2147483340
2147483340 29
2147483340
2147483336
2147483308 2147483312
2147483312 52
2147483312
2147483312 57
2147483312
2147483308
2147483336 57
2147483336
2147483360
268435684
2147483344 3352947709
2147483344
2147483344 3352947710
2147483340
2147483340 30
2147483340
2147483336
2147483308 2147483312
2147483312 57
2147483312
2147483312 62
2147483312
2147483308
2147483336 62
2147483336
2147483360
268435704
2147483344 4215111614
2147483344
2147483344 4215111615
2147483340
2147483340 31
2147483340
2147483336
2147483308 2147483312
2147483312 62
2147483312
2147483312 3
2147483312
2147483308
2147483336 3
2147483336
2147483360
268435468
2147483344 3656121871
2147483344
2147483344 3656121872
2147483340
2147483340 32
2147483340
2147483336
2147483308 2147483312
2147483312 3
2147483312
2147483312 8
2147483312
2147483308
2147483336 8
2147483336
2147483360
268435488
2147483344 1031782912
2147483344
2147483344 1031782913
2147483340
2147483340 33
2147483340
2147483336
2147483308 2147483312
2147483312 8
2147483312
2147483312 13
2147483312
2147483308
2147483336 13
2147483336
2147483360
268435508
2147483344 3959296033
2147483344
2147483344 3959296034
2147483340
2147483340 34
2147483340
2147483336
2147483308 2147483312
2147483312 13
2147483312
2147483312 18
2147483312
2147483308
2147483336 18
2147483336
2147483360
268435528
2147483344 2143421506
2147483344
2147483344 2143421507
2147483340
2147483340 35
2147483340
2147483336
2147483308 2147483312
2147483312 18
2147483312
2147483312 23
2147483312
2147483308
2147483336 23
2147483336
2147483360
268435548
2147483344 4262470195
2147483344
2147483344 4262470196
2147483340
2147483340 36
2147483340
2147483336
2147483308 2147483312
2147483312 23
2147483312
2147483312 28
2147483312
2147483308
2147483336 28
2147483336
2147483360
268435568
2147483344 3255060100
2147483344
2147483344 3255060101
2147483340
2147483340 37
2147483340
2147483336
2147483308 2147483312
2147483312 28
2147483312
2147483312 33
2147483312
2147483308
2147483336 33
2147483336
2147483360
268435588
2147483344 270677061
2147483344
2147483344 270677062
2147483340
2147483340 38
2147483340
2147483336
2147483308 2147483312
2147483312 33
2147483312
2147483312 38
2147483312
2147483308
2147483336 38
2147483336
2147483360
268435608
2147483344 71731398
2147483344
2147483344 71731399
2147483340
2147483340 39
2147483340
2147483336
2147483308 2147483312
2147483312 38
2147483312
2147483312 43
2147483312
2147483308
2147483336 43
2147483336
2147483360
268435628
2147483344 573851223
2147483344
2147483344 573851224
2147483340
2147483340 40
2147483340
2147483336
2147483308 2147483312
2147483312 43
2147483312
2147483312 48
2147483312
2147483308
2147483336 48
2147483336
2147483360
268435648
2147483344 1183369992
2147483344
2147483344 1183369993
2147483340
2147483340 41
2147483340
2147483336
2147483308 2147483312
2147483312 48
2147483312
2147483312 53
2147483312
2147483308
2147483336 53
2147483336
2147483360
268435668
2147483344 877025385
2147483344
2147483344 877025386
2147483340
2147483340 42
2147483340
2147483336
2147483308 2147483312
2147483312 53
2147483312
2147483312 58
2147483312
2147483308
2147483336 58
2147483336
2147483360
268435688
2147483344 2295008586
2147483344
2147483344 2295008587
2147483340
2147483340 43
2147483340
2147483336
2147483308 2147483312
2147483312 58
2147483312
2147483312 63
2147483312
2147483308
2147483336 63
2147483336
2147483360
268435708
2147483344 1180199547
2147483344
2147483344 1180199548
2147483340
2147483340 44
2147483340
2147483336
2147483308 2147483312
2147483312 63
2147483312
2147483312 4
2147483312
2147483308
2147483336 4
2147483336
2147483360
268435472
2147483344 3406647180
2147483344
2147483344 3406647181
2147483340
2147483340 45
2147483340
2147483336
2147483308 2147483312
2147483312 4
2147483312
2147483312 9
2147483312
2147483308
2147483336 9
2147483336
2147483360
268435492
2147483344 1483373709
2147483344
2147483344 1483373710
2147483340
2147483340 46
2147483340
2147483336
2147483308 2147483312
2147483312 9
2147483312
2147483312 14
2147483312
2147483308
2147483336 14
2147483336
2147483360
268435512
2147483344 223318478
2147483344
2147483344 223318479
2147483340
2147483340 47
2147483340
2147483336
2147483308 2147483312
2147483312 14
2147483312
2147483312 19
2147483312
2147483308
2147483336 19
2147483336
2147483360
268435532
2147483344 1786547871
2147483344
2147483344 1786547872
2147483340
2147483340 48
2147483340
2147483336
2147483308 2147483312
2147483312 19
2147483312
2147483312 24
2147483312
2147483308
2147483336 24
2147483336
2147483360
268435552
2147483344 1334957072
2147483344
2147483344 1334957073
2147483340
2147483340 49
2147483340
2147483336
2147483308 2147483312
2147483312 24
2147483312
2147483312 29
2147483312
2147483308
2147483336 29
2147483336
2147483360
268435572
2147483344 2089722033
2147483344
2147483344 2089722034
2147483340
2147483340 50
2147483340
2147483336
2147483308 2147483312
2147483312 29
2147483312
2147483312 34
2147483312
2147483308
2147483336 34
2147483336
2147483360
268435592
2147483344 2446595666
2147483344
2147483344 2446595667
2147483340
2147483340 51
2147483340
2147483336
2147483308 2147483312
2147483312 34
2147483312
2147483312 39
2147483312
2147483308
2147483336 39
2147483336
2147483360
268435612
2147483344 2392896195
2147483344
2147483344 2392896196
2147483340
2147483340 52
2147483340
2147483336
2147483308 2147483312
2147483312 39
2147483312
2147483312 44
2147483312
2147483308
2147483336 44
2147483336
2147483360
print
268435632
2147483344 3558234260
2147483344
2147483344 3558234261
2147483340
2147483340 53
2147483340
2147483336
2147483308 2147483312
2147483312 44
2147483312
2147483312 49
2147483312
2147483308
2147483336 49
2147483336
2147483360
268435652
2147483344 2696070357
2147483344
2147483344 2696070358
2147483340
2147483340 54
2147483340
2147483336
2147483308 2147483312
2147483312 49
2147483312
2147483312 54
2147483312
2147483308
2147483336 54
2147483336
2147483360
268435672
2147483344 374905558
2147483344
2147483344 374905559
2147483340
2147483340 55
2147483340
2147483336
2147483308 2147483312
2147483312 54
2147483312
2147483312 59
2147483312
2147483308
2147483336 59
2147483336
2147483360
268435692
2147483344 2999244519
2147483344
2147483344 2999244520
2147483340
2147483340 56
2147483340
2147483336
2147483308 2147483312
2147483312 59
2147483312
2147483312 0
2147483312
2147483308
2147483336 0
2147483336
2147483360
268435456
2147483344 1486544152
2147483344
2147483344 1486544153
2147483340
2147483340 57
2147483340
2147483336
2147483308 2147483312
2147483312 0
2147483312
2147483312 5
2147483312
2147483308
2147483336 5
2147483336
2147483360
268435476
2147483344 3302418681
2147483344
2147483344 3302418682
2147483340
2147483340 58
2147483340
2147483336
2147483308 2147483312
2147483312 5
2147483312
2147483312 10
2147483312
2147483308
2147483336 10
2147483336
2147483360
268435496
2147483344 2598182746
2147483344
2147483344 2598182747
2147483340
2147483340 59
2147483340
2147483336
2147483308 2147483312
2147483312 10
2147483312
2147483312 15
2147483312
2147483308
2147483336 15
2147483336
2147483360
268435516
2147483344 3605592843
2147483344
2147483344 3605592844
2147483340
2147483340 60
2147483340
2147483336
2147483308 2147483312
2147483312 15
2147483312
2147483312 20
2147483312
2147483308
2147483336 20
2147483336
2147483360
268435536
2147483344 3709821340
2147483344
2147483344 3709821341
2147483340
2147483340 61
2147483340
2147483336
2147483308 2147483312
2147483312 20
2147483312
2147483312 25
2147483312
2147483308
2147483336 25
2147483336
2147483360
268435556
2147483344 3908767005
2147483344
2147483344 3908767006
2147483340
2147483340 62
2147483340
2147483336
2147483308 2147483312
2147483312 25
2147483312
2147483312 30
2147483312
2147483308
2147483336 30
2147483336
2147483360
268435576
2147483344 526492638
2147483344
2147483344 526492639
2147483340
2147483340 63
2147483340
2147483336
2147483308 2147483312
2147483312 30
2147483312
2147483312 35
2147483312
2147483308
2147483336 35
2147483336
2147483360
268435596
2147483344 4211941167
2147483344
2147483344 4211941168
2147483340
2147483340 64
2147483340
2147483356
2147483352
2147483356 4194384
2147483352 2147483360
2147483360 2147483384
2147483308 2147483312
2147483312 30
2147483312
2147483312 35
2147483312
2147483308
2147483336 35
2147483340 0
2147483340
2147483336
2147483308 2147483312
2147483312 35
2147483312
2147483312 40
2147483312
2147483308
2147483336 40
2147483336
2147483360
2147483544
2147483344 2016
2147483344
2147483344 2017
2147483340
2147483340 1
2147483340
2147483336
2147483308 2147483312
2147483312 40
2147483312
2147483312 45
2147483312
2147483308
2147483336 45
2147483336
2147483360
2147483564
2147483344 16129
2147483344
2147483344 16130
2147483340
2147483340 2
2147483340
2147483336
2147483308 2147483312
2147483312 45
2147483312
2147483312 50
2147483312
2147483308
2147483336 50
2147483336
2147483360
2147483584
2147483344 516130
2147483344
2147483344 516131
2147483340
2147483340 3
2147483340
2147483336
2147483308 2147483312
2147483312 50
2147483312
2147483312 55
2147483312
2147483308
2147483336 55
2147483336
2147483360
2147483604
2147483344 4129043
2147483344
2147483344 4129044
2147483340
2147483340 4
2147483340
2147483336
2147483308 2147483312
2147483312 55
2147483312
2147483312 60
2147483312
2147483308
2147483336 60
2147483336
2147483360
2147483624
2147483344 132129380
2147483344
2147483344 132129381
2147483340
2147483340 5
2147483340
2147483336
2147483308 2147483312
2147483312 60
2147483312
2147483312 1
2147483312
2147483308
2147483336 1
2147483336
2147483360
2147483388
2147483344 1057035045
2147483344
2147483344 1057035046
2147483340
2147483340 6
2147483340
2147483336
2147483308 2147483312
2147483312 1
2147483312
2147483312 6
2147483312
2147483308
2147483336 6
2147483336
2147483360
2147483408
2147483344 3760350374
2147483344
2147483344 3760350375
2147483340
2147483340 7
2147483340
2147483336
2147483308 2147483312
2147483312 6
2147483312
2147483312 11
2147483312
2147483308
2147483336 11
2147483336
2147483360
2147483428
2147483344 18031927
2147483344
2147483344 18031928
2147483340
2147483340 8
2147483340
2147483336
2147483308 2147483312
2147483312 11
2147483312
2147483312 16
2147483312
2147483308
2147483336 16
2147483336
2147483360
2147483448
2147483344 577021672
2147483344
2147483344 577021673
2147483340
2147483340 9
2147483340
2147483336
2147483308 2147483312
2147483312 16
2147483312
2147483312 21
2147483312
2147483308
2147483336 21
2147483336
2147483360
2147483468
2147483344 321206089
2147483344
2147483344 321206090
2147483340
2147483340 10
2147483340
2147483336
2147483308 2147483312
2147483312 21
2147483312
2147483312 26
2147483312
2147483308
2147483336 26
2147483336
2147483360
2147483488
2147483344 1688660266
2147483344
2147483344 1688660267
2147483340
2147483340 11
2147483340
2147483336
2147483308 2147483312
2147483312 26
2147483312
2147483312 31
2147483312
2147483308
2147483336 31
2147483336
2147483360
2147483508
2147483344 624380251
2147483344
2147483344 624380252
2147483340
2147483340 12
2147483340
2147483336
2147483308 2147483312
2147483312 31
2147483312
2147483312 36
2147483312
2147483308
2147483336 36
2147483336
2147483360
2147483528
2147483344 2800298860
2147483344
2147483344 2800298861
2147483340
2147483340 13
2147483340
2147483336
2147483308 2147483312
2147483312 36
2147483312
2147483312 41
2147483312
2147483308
2147483336 41
2147483336
2147483360
2147483548
2147483344 927554413
2147483344
2147483344 927554414
2147483340
2147483340 14
print
2147483340
2147483336
2147483308 2147483312
2147483312 41
2147483312
2147483312 46
2147483312
2147483308
2147483336 46
2147483336
2147483360
2147483568
2147483344 3911937454
2147483344
2147483344 3911937455
2147483340
2147483340 15
2147483340
2147483336
2147483308 2147483312
2147483312 46
2147483312
2147483312 51
2147483312
2147483308
2147483336 51
2147483336
2147483360
2147483588
2147483344 1230728575
2147483344
2147483344 1230728576
2147483340
2147483340 16
2147483340
2147483336
2147483308 2147483312
2147483312 51
2147483312
2147483312 56
2147483312
2147483308
2147483336 56
2147483336
2147483360
2147483608
2147483344 728608752
2147483344
2147483344 728608753
2147483340
2147483340 17
2147483340
2147483336
2147483308 2147483312
2147483312 56
2147483312
2147483312 61
2147483312
2147483308
2147483336 61
2147483336
2147483360
2147483628
2147483344 1533902737
2147483344
2147483344 1533902738
2147483340
2147483340 18
2147483340
2147483336
2147483308 2147483312
2147483312 61
2147483312
2147483312 2
2147483312
2147483308
2147483336 2
2147483336
2147483360
2147483392
2147483344 1840247346
2147483344
2147483344 1840247347
2147483340
2147483340 19
2147483340
2147483336
2147483308 2147483312
2147483312 2
2147483312
2147483312 7
2147483312
2147483308
2147483336 7
2147483336
2147483360
2147483412
2147483344 1837076899
2147483344
2147483344 1837076900
2147483340
2147483340 20
2147483340
2147483336
2147483308 2147483312
2147483312 7
2147483312
2147483312 12
2147483312
2147483308
2147483336 12
2147483336
2147483360
2147483432
2147483344 2951885940
2147483344
2147483344 2951885941
2147483340
2147483340 21
2147483340
2147483336
2147483308 2147483312
2147483312 12
2147483312
2147483312 17
2147483312
2147483308
2147483336 17
2147483336
2147483360
2147483452
2147483344 2140251061
2147483344
2147483344 2140251062
2147483340
2147483340 22
2147483340
2147483336
2147483308 2147483312
2147483312 17
2147483312
2147483312 22
2147483312
2147483308
2147483336 22
2147483336
2147483360
2147483472
2147483344 4063524534
2147483344
2147483344 4063524535
2147483340
2147483340 23
2147483340
2147483336
2147483308 2147483312
2147483312 22
2147483312
2147483312 27
2147483312
2147483308
2147483336 27
2147483336
2147483360
2147483492
2147483344 2443425223
2147483344
2147483344 2443425224
2147483340
2147483340 24
2147483340
2147483336
2147483308 2147483312
2147483312 27
2147483312
2147483312 32
2147483312
2147483308
2147483336 32
2147483336
2147483360
2147483512
2147483344 880195832
2147483344
2147483344 880195833
2147483340
2147483340 25
2147483340
2147483336
2147483308 2147483312
2147483312 32
2147483312
2147483312 37
2147483312
2147483308
2147483336 37
2147483336
2147483360
2147483532
2147483344 2746599385
2147483344
2147483344 2746599386
2147483340
2147483340 26
2147483340
2147483336
2147483308 2147483312
2147483312 37
2147483312
2147483312 42
2147483312
2147483308
2147483336 42
2147483336
2147483360
2147483552
2147483344 1991834426
2147483344
2147483344 1991834427
2147483340
2147483340 27
2147483340
2147483336
2147483308 2147483312
2147483312 42
2147483312
2147483312 47
2147483312
2147483308
2147483336 47
2147483336
2147483360
2147483572
2147483344 3049773547
2147483344
2147483344 3049773548
2147483340
2147483340 28
2147483340
2147483336
2147483308 2147483312
2147483312 47
2147483312
2147483312 52
2147483312
2147483308
2147483336 52
2147483336
2147483360
2147483592
2147483344 3103473020
2147483344
2147483344 3103473021
2147483340
2147483340 29
2147483340
2147483336
2147483308 2147483312
2147483312 52
2147483312
2147483312 57
2147483312
2147483308
2147483336 57
2147483336
2147483360
2147483612
2147483344 3352947709
2147483344
2147483344 3352947710
2147483340
2147483340 30
2147483340
2147483336
2147483308 2147483312
2147483312 57
2147483312
2147483312 62
2147483312
2147483308
2147483336 62
2147483336
2147483360
2147483632
2147483344 4215111614
2147483344
2147483344 4215111615
2147483340
2147483340 31
2147483340
2147483336
2147483308 2147483312
2147483312 62
2147483312
2147483312 3
2147483312
2147483308
2147483336 3
2147483336
2147483360
2147483396
2147483344 3656121871
2147483344
2147483344 3656121872
2147483340
2147483340 32
2147483340
2147483336
2147483308 2147483312
2147483312 3
2147483312
2147483312 8
2147483312
2147483308
2147483336 8
2147483336
2147483360
2147483416
2147483344 1031782912
2147483344
2147483344 1031782913
2147483340
2147483340 33
2147483340
2147483336
2147483308 2147483312
2147483312 8
2147483312
2147483312 13
2147483312
2147483308
2147483336 13
2147483336
2147483360
2147483436
2147483344 3959296033
2147483344
2147483344 3959296034
2147483340
2147483340 34
2147483340
2147483336
2147483308 2147483312
2147483312 13
2147483312
2147483312 18
2147483312
2147483308
2147483336 18
2147483336
2147483360
2147483456
2147483344 2143421506
2147483344
2147483344 2143421507
2147483340
2147483340 35
2147483340
2147483336
2147483308 2147483312
2147483312 18
2147483312
2147483312 23
2147483312
2147483308
2147483336 23
2147483336
2147483360
2147483476
2147483344 4262470195
2147483344
2147483344 4262470196
2147483340
2147483340 36
2147483340
2147483336
2147483308 2147483312
2147483312 23
2147483312
2147483312 28
2147483312
2147483308
2147483336 28
2147483336
2147483360
2147483496
2147483344 3255060100
2147483344
2147483344 3255060101
2147483340
2147483340 37
2147483340
2147483336
2147483308 2147483312
2147483312 28
2147483312
2147483312 33
2147483312
2147483308
2147483336 33
2147483336
2147483360
2147483516
2147483344 270677061
2147483344
2147483344 270677062
2147483340
2147483340 38
2147483340
2147483336
2147483308 2147483312
2147483312 33
2147483312
2147483312 38
2147483312
2147483308
2147483336 38
2147483336
2147483360
2147483536
2147483344 71731398
2147483344
2147483344 71731399
2147483340
2147483340 39
2147483340
2147483336
2147483308 2147483312
2147483312 38
2147483312
2147483312 43
2147483312
2147483308
2147483336 43
2147483336
2147483360
2147483556
2147483344 573851223
2147483344
2147483344 573851224
2147483340
2147483340 40
2147483340
2147483336
2147483308 2147483312
2147483312 43
2147483312
print
2147483312 48
2147483312
2147483308
2147483336 48
2147483336
2147483360
2147483576
2147483344 1183369992
2147483344
2147483344 1183369993
2147483340
2147483340 41
2147483340
2147483336
2147483308 2147483312
2147483312 48
2147483312
2147483312 53
2147483312
2147483308
2147483336 53
2147483336
2147483360
2147483596
2147483344 877025385
2147483344
2147483344 877025386
2147483340
2147483340 42
2147483340
2147483336
2147483308 2147483312
2147483312 53
2147483312
2147483312 58
2147483312
2147483308
2147483336 58
2147483336
2147483360
2147483616
2147483344 2295008586
2147483344
2147483344 2295008587
2147483340
2147483340 43
2147483340
2147483336
2147483308 2147483312
2147483312 58
2147483312
2147483312 63
2147483312
2147483308
2147483336 63
2147483336
2147483360
2147483636
2147483344 1180199547
2147483344
2147483344 1180199548
2147483340
2147483340 44
2147483340
2147483336
2147483308 2147483312
2147483312 63
2147483312
2147483312 4
2147483312
2147483308
2147483336 4
2147483336
2147483360
2147483400
2147483344 3406647180
2147483344
2147483344 3406647181
2147483340
2147483340 45
2147483340
2147483336
2147483308 2147483312
2147483312 4
2147483312
2147483312 9
2147483312
2147483308
2147483336 9
2147483336
2147483360
2147483420
2147483344 1483373709
2147483344
2147483344 1483373710
2147483340
2147483340 46
2147483340
2147483336
2147483308 2147483312
2147483312 9
2147483312
2147483312 14
2147483312
2147483308
2147483336 14
2147483336
2147483360
2147483440
2147483344 223318478
2147483344
2147483344 223318479
2147483340
2147483340 47
2147483340
2147483336
2147483308 2147483312
2147483312 14
2147483312
2147483312 19
2147483312
2147483308
2147483336 19
2147483336
2147483360
2147483460
2147483344 1786547871
2147483344
2147483344 1786547872
2147483340
2147483340 48
2147483340
2147483336
2147483308 2147483312
2147483312 19
2147483312
2147483312 24
2147483312
2147483308
2147483336 24
2147483336
2147483360
2147483480
2147483344 1334957072
2147483344
2147483344 1334957073
2147483340
2147483340 49
2147483340
2147483336
2147483308 2147483312
2147483312 24
2147483312
2147483312 29
2147483312
2147483308
2147483336 29
2147483336
2147483360
2147483500
2147483344 2089722033
2147483344
2147483344 2089722034
2147483340
2147483340 50
2147483340
2147483336
2147483308 2147483312
2147483312 29
2147483312
2147483312 34
2147483312
2147483308
2147483336 34
2147483336
2147483360
2147483520
2147483344 2446595666
2147483344
2147483344 2446595667
2147483340
2147483340 51
2147483340
2147483336
2147483308 2147483312
2147483312 34
2147483312
2147483312 39
2147483312
2147483308
2147483336 39
2147483336
2147483360
2147483540
2147483344 2392896195
2147483344
2147483344 2392896196
2147483340
2147483340 52
2147483340
2147483336
2147483308 2147483312
2147483312 39
2147483312
2147483312 44
2147483312
2147483308
2147483336 44
2147483336
2147483360
2147483560
2147483344 3558234260
2147483344
2147483344 3558234261
2147483340
2147483340 53
2147483340
2147483336
2147483308 2147483312
2147483312 44
2147483312
2147483312 49
2147483312
2147483308
2147483336 49
2147483336
2147483360
2147483580
2147483344 2696070357
2147483344
2147483344 2696070358
2147483340
2147483340 54
2147483340
2147483336
2147483308 2147483312
2147483312 49
2147483312
2147483312 54
2147483312
2147483308
2147483336 54
2147483336
2147483360
2147483600
2147483344 374905558
2147483344
2147483344 374905559
2147483340
2147483340 55
2147483340
2147483336
2147483308 2147483312
2147483312 54
2147483312
2147483312 59
2147483312
2147483308
2147483336 59
2147483336
2147483360
2147483620
2147483344 2999244519
2147483344
2147483344 2999244520
2147483340
2147483340 56
2147483340
2147483336
2147483308 2147483312
2147483312 59
2147483312
2147483312 0
2147483312
2147483308
2147483336 0
2147483336
2147483360
2147483384
2147483344 1486544152
2147483344
2147483344 1486544153
2147483340
2147483340 57
2147483340
2147483336
2147483308 2147483312
2147483312 0
2147483312
2147483312 5
2147483312
2147483308
2147483336 5
2147483336
2147483360
2147483404
2147483344 3302418681
2147483344
2147483344 3302418682
2147483340
2147483340 58
2147483340
2147483336
2147483308 2147483312
2147483312 5
2147483312
2147483312 10
2147483312
2147483308
2147483336 10
2147483336
2147483360
2147483424
2147483344 2598182746
2147483344
2147483344 2598182747
2147483340
2147483340 59
2147483340
2147483336
2147483308 2147483312
2147483312 10
2147483312
2147483312 15
2147483312
2147483308
2147483336 15
2147483336
2147483360
2147483444
2147483344 3605592843
2147483344
2147483344 3605592844
2147483340
2147483340 60
2147483340
2147483336
2147483308 2147483312
2147483312 15
2147483312
2147483312 20
2147483312
2147483308
2147483336 20
2147483336
2147483360
2147483464
2147483344 3709821340
2147483344
2147483344 3709821341
2147483340
2147483340 61
2147483340
2147483336
2147483308 2147483312
2147483312 20
2147483312
2147483312 25
2147483312
2147483308
2147483336 25
2147483336
2147483360
2147483484
2147483344 3908767005
2147483344
2147483344 3908767006
2147483340
2147483340 62
2147483340
2147483336
2147483308 2147483312
2147483312 25
2147483312
2147483312 30
2147483312
2147483308
2147483336 30
2147483336
2147483360
2147483504
2147483344 526492638
2147483344
2147483344 526492639
2147483340
2147483340 63
2147483340
2147483336
2147483308 2147483312
2147483312 30
2147483312
2147483312 35
2147483312
2147483308
2147483336 35
2147483336
2147483360
2147483524
2147483344 4211941167
2147483344
2147483344 4211941168
2147483340
2147483340 64
2147483340
2147483356
2147483352
2147483644
2147483640
